8 10 13 14 14 14 13 10 8 
5 7 14 18 18 18 14 10 
10 18 23 23 25 26 29 26 25 23 23 18 10 
3 9 11 11 18 24 26 26 26 31 31 33 27 3 
10 18 24 29 30 36 35 36 36 36 35 36 30 29 24 18 10 
2 11 13 15 22 30 32 34 41 43 45 43 45 39 33 24 
14 23 29 35 36 42 43 46 47 47 47 46 43 42 36 35 29 23 14 
3 11 15 17 24 32 34 38 43 49 51 53 55 56 56 54 50 36 
4 15 24 32 36 43 47 46 49 51 51 51 51 51 49 46 47 43 36 32 24 15 4 
7 15 17 26 34 38 40 49 57 61 59 64 68 68 68 64 60 52 
15 26 35 38 46 46 51 51 59 62 65 64 65 62 59 51 51 46 46 38 35 26 15 
6 11 17 26 32 38 45 51 57 63 66 72 78 78 78 78 77 79 67 33 
14 24 35 42 47 49 51 61 63 64 68 68 73 68 68 64 63 61 51 49 47 42 35 24 14 
11 15 23 30 38 40 51 59 65 70 74 82 84 88 91 93 91 93 87 55 5 
10 23 32 38 47 50 57 64 66 73 75 76 76 78 76 76 75 73 66 64 57 50 47 38 32 23 10 
7 11 19 26 36 42 46 59 65 70 82 88 92 93 99 105 105 103 97 89 73 45 
18 29 36 46 49 57 63 68 74 76 81 83 84 85 84 83 81 76 74 68 63 57 49 46 36 29 18 
11 15 17 32 40 44 57 63 69 80 84 90 99 103 107 115 109 114 112 106 90 56 
10 24 35 43 46 51 64 68 75 79 84 88 88 87 88 87 88 88 84 79 75 68 64 51 46 43 35 24 10 
13 15 23 38 42 49 61 69 78 86 92 100 109 113 113 117 124 122 124 118 94 72 
18 29 36 47 51 61 66 74 79 84 89 91 92 99 100 99 92 91 89 84 79 74 66 61 51 47 36 29 18 
5 15 19 30 36 44 57 67 69 84 92 94 107 113 119 122 136 130 132 130 123 106 84 18 
8 23 30 42 46 51 63 73 76 84 89 92 100 103 105 101 105 103 100 92 89 84 76 73 63 51 46 42 30 23 8 
9 15 19 30 40 49 61 65 72 86 96 105 113 121 122 132 138 138 139 137 139 113 96 36 
10 23 36 43 49 59 64 75 81 88 91 100 104 103 104 104 104 103 104 100 91 88 81 75 64 59 49 43 36 23 10 
9 17 23 34 42 53 63 71 78 90 98 105 119 124 130 136 138 147 145 145 145 125 103 24 
13 25 35 46 51 62 68 76 83 88 92 103 103 106 107 110 107 106 103 103 92 88 83 76 68 62 51 46 35 25 13 
3 11 17 26 34 44 55 65 72 84 94 99 111 119 130 138 140 145 151 145 151 146 129 105 12 
14 26 36 47 51 65 68 76 84 87 99 105 104 107 111 112 111 107 104 105 99 87 84 76 68 65 51 47 36 26 14 
3 11 17 28 36 42 59 63 72 86 94 103 115 121 130 136 142 147 151 151 156 148 132 105 24 
14 29 36 47 51 64 73 78 85 88 100 101 104 110 112 108 112 110 104 101 100 88 85 78 73 64 51 47 36 29 14 
5 11 17 24 36 42 59 65 74 88 94 107 115 121 132 140 143 147 151 158 156 153 132 110 12 
14 26 36 47 51 65 68 76 84 87 99 105 104 107 111 112 111 107 104 105 99 87 84 76 68 65 51 47 36 26 14 
3 11 17 28 36 42 59 63 72 86 94 103 115 121 130 136 142 147 151 151 156 148 132 105 24 
13 25 35 46 51 62 68 76 83 88 92 103 103 106 107 110 107 106 103 103 92 88 83 76 68 62 51 46 35 25 13 
3 11 17 26 34 44 55 65 72 84 94 99 111 119 130 138 140 145 151 145 151 146 129 105 12 
10 23 36 43 49 59 64 75 81 88 91 100 104 103 104 104 104 103 104 100 91 88 81 75 64 59 49 43 36 23 10 
9 17 23 34 42 53 63 71 78 90 98 105 119 124 130 136 138 147 145 145 145 125 103 24 
8 23 30 42 46 51 63 73 76 84 89 92 100 103 105 101 105 103 100 92 89 84 76 73 63 51 46 42 30 23 8 
9 15 19 30 40 49 61 65 72 86 96 105 113 121 122 132 138 138 139 137 139 113 96 36 
18 29 36 47 51 61 66 74 79 84 89 91 92 99 100 99 92 91 89 84 79 74 66 61 51 47 36 29 18 
5 15 19 30 36 44 57 67 69 84 92 94 107 113 119 122 136 130 132 130 123 106 84 18 
10 24 35 43 46 51 64 68 75 79 84 88 88 87 88 87 88 88 84 79 75 68 64 51 46 43 35 24 10 
13 15 23 38 42 49 61 69 78 86 92 100 109 113 113 117 124 122 124 118 94 72 
18 29 36 46 49 57 63 68 74 76 81 83 84 85 84 83 81 76 74 68 63 57 49 46 36 29 18 
11 15 17 32 40 44 57 63 69 80 84 90 99 103 107 115 109 114 112 106 90 56 
10 23 32 38 47 50 57 64 66 73 75 76 76 78 76 76 75 73 66 64 57 50 47 38 32 23 10 
7 11 19 26 36 42 46 59 65 70 82 88 92 93 99 105 105 103 97 89 73 45 
14 24 35 42 47 49 51 61 63 64 68 68 73 68 68 64 63 61 51 49 47 42 35 24 14 
11 15 23 30 38 40 51 59 65 70 74 82 84 88 91 93 91 93 87 55 5 
15 26 35 38 46 46 51 51 59 62 65 64 65 62 59 51 51 46 46 38 35 26 15 
6 11 17 26 32 38 45 51 57 63 66 72 78 78 78 78 77 79 67 33 
4 15 24 32 36 43 47 46 49 51 51 51 51 51 49 46 47 43 36 32 24 15 4 
7 15 17 26 34 38 40 49 57 61 59 64 68 68 68 64 60 52 
14 23 29 35 36 42 43 46 47 47 47 46 43 42 36 35 29 23 14 
3 11 15 17 24 32 34 38 43 49 51 53 55 56 56 54 50 36 
10 18 24 29 30 36 35 36 36 36 35 36 30 29 24 18 10 
2 11 13 15 22 30 32 34 41 43 45 43 45 39 33 24 
10 18 23 23 25 26 29 26 25 23 23 18 10 
3 9 11 11 18 24 26 26 26 31 31 33 27 3 
8 10 13 14 14 14 13 10 8 
5 7 14 18 18 18 14 10 
8 10 13 14 14 14 13 10 8 
5 7 14 18 18 18 14 10 
10 18 23 23 25 26 29 26 25 23 23 18 10 
3 9 11 11 18 24 26 26 26 31 31 33 27 3 
10 18 24 29 30 36 35 36 36 36 35 36 30 29 24 18 10 
2 11 13 15 22 30 32 34 41 43 45 43 45 39 33 24 
14 23 29 35 36 42 43 46 47 47 47 46 43 42 36 35 29 23 14 
3 11 15 17 24 32 34 38 43 49 51 53 55 56 56 54 50 36 
4 15 24 32 36 43 47 46 49 51 51 51 51 51 49 46 47 43 36 32 24 15 4 
7 15 17 26 34 38 40 49 57 61 59 64 68 68 68 64 60 52 
15 26 35 38 46 46 51 51 59 62 65 64 65 62 59 51 51 46 46 38 35 26 15 
6 11 17 26 32 38 45 51 57 63 66 72 78 78 78 78 77 79 67 33 
14 24 35 42 47 49 51 61 63 64 68 68 73 68 68 64 63 61 51 49 47 42 35 24 14 
11 15 23 30 38 40 51 59 65 70 74 82 84 88 91 93 91 93 87 55 5 
10 23 32 38 47 50 57 64 66 73 75 76 76 78 76 76 75 73 66 64 57 50 47 38 32 23 10 
7 11 19 26 36 42 46 59 65 70 82 88 92 93 99 105 105 103 97 89 73 45 
18 29 36 46 49 57 63 68 74 76 81 83 84 85 84 83 81 76 74 68 63 57 49 46 36 29 18 
11 15 17 32 40 44 57 63 69 80 84 90 99 103 107 115 109 114 112 106 90 56 
10 24 35 43 46 51 64 68 75 79 84 88 88 87 88 87 88 88 84 79 75 68 64 51 46 43 35 24 10 
13 15 23 38 42 49 61 69 78 86 92 100 109 113 113 117 124 122 124 118 94 72 
18 29 36 47 51 61 66 74 79 84 89 91 92 99 100 99 92 91 89 84 79 74 66 61 51 47 36 29 18 
5 15 19 30 36 44 57 67 69 84 92 94 107 113 119 122 136 130 132 130 123 106 84 18 
8 23 30 42 46 51 63 73 76 84 89 92 100 103 105 101 105 103 100 92 89 84 76 73 63 51 46 42 30 23 8 
9 15 19 30 40 49 61 65 72 86 96 105 113 121 122 132 138 138 139 137 139 113 96 36 
10 23 36 43 49 59 64 75 81 88 91 100 104 103 104 104 104 103 104 100 91 88 81 75 64 59 49 43 36 23 10 
9 17 23 34 42 53 63 71 78 90 98 105 119 124 130 136 138 147 145 145 145 125 103 24 
13 25 35 46 51 62 68 76 83 88 92 103 103 106 107 110 107 106 103 103 92 88 83 76 68 62 51 46 35 25 13 
3 11 17 26 34 44 55 65 72 84 94 99 111 119 130 138 140 145 151 145 151 146 129 105 12 
14 26 36 47 51 65 68 76 84 87 99 105 104 107 111 112 111 107 104 105 99 87 84 76 68 65 51 47 36 26 14 
3 11 17 28 36 42 59 63 72 86 94 103 115 121 130 136 142 147 151 151 156 148 132 105 24 
14 29 36 47 51 64 73 78 85 88 100 101 104 110 112 108 112 110 104 101 100 88 85 78 73 64 51 47 36 29 14 
5 11 17 24 36 42 59 65 74 88 94 107 115 121 132 140 143 147 151 158 156 153 132 110 12 
14 26 36 47 51 65 68 76 84 87 99 105 104 107 111 112 111 107 104 105 99 87 84 76 68 65 51 47 36 26 14 
3 11 17 28 36 42 59 63 72 86 94 103 115 121 130 136 142 147 151 151 156 148 132 105 24 
13 25 35 46 51 62 68 76 83 88 92 103 103 106 107 110 107 106 103 103 92 88 83 76 68 62 51 46 35 25 13 
3 11 17 26 34 44 55 65 72 84 94 99 111 119 130 138 140 145 151 145 151 146 129 105 12 
10 23 36 43 49 59 64 75 81 88 91 100 104 103 104 104 104 103 104 100 91 88 81 75 64 59 49 43 36 23 10 
9 17 23 34 42 53 63 71 78 90 98 105 119 124 130 136 138 147 145 145 145 125 103 24 
8 23 30 42 46 51 63 73 76 84 89 92 100 103 105 101 105 103 100 92 89 84 76 73 63 51 46 42 30 23 8 
9 15 19 30 40 49 61 65 72 86 96 105 113 121 122 132 138 138 139 137 139 113 96 36 
18 29 36 47 51 61 66 74 79 84 89 91 92 99 100 99 92 91 89 84 79 74 66 61 51 47 36 29 18 
5 15 19 30 36 44 57 67 69 84 92 94 107 113 119 122 136 130 132 130 123 106 84 18 
10 24 35 43 46 51 64 68 75 79 84 88 88 87 88 87 88 88 84 79 75 68 64 51 46 43 35 24 10 
13 15 23 38 42 49 61 69 78 86 92 100 109 113 113 117 124 122 124 118 94 72 
18 29 36 46 49 57 63 68 74 76 81 83 84 85 84 83 81 76 74 68 63 57 49 46 36 29 18 
11 15 17 32 40 44 57 63 69 80 84 90 99 103 107 115 109 114 112 106 90 56 
10 23 32 38 47 50 57 64 66 73 75 76 76 78 76 76 75 73 66 64 57 50 47 38 32 23 10 
7 11 19 26 36 42 46 59 65 70 82 88 92 93 99 105 105 103 97 89 73 45 
14 24 35 42 47 49 51 61 63 64 68 68 73 68 68 64 63 61 51 49 47 42 35 24 14 
11 15 23 30 38 40 51 59 65 70 74 82 84 88 91 93 91 93 87 55 5 
15 26 35 38 46 46 51 51 59 62 65 64 65 62 59 51 51 46 46 38 35 26 15 
6 11 17 26 32 38 45 51 57 63 66 72 78 78 78 78 77 79 67 33 
4 15 24 32 36 43 47 46 49 51 51 51 51 51 49 46 47 43 36 32 24 15 4 
7 15 17 26 34 38 40 49 57 61 59 64 68 68 68 64 60 52 
14 23 29 35 36 42 43 46 47 47 47 46 43 42 36 35 29 23 14 
3 11 15 17 24 32 34 38 43 49 51 53 55 56 56 54 50 36 
10 18 24 29 30 36 35 36 36 36 35 36 30 29 24 18 10 
2 11 13 15 22 30 32 34 41 43 45 43 45 39 33 24 
10 18 23 23 25 26 29 26 25 23 23 18 10 
3 9 11 11 18 24 26 26 26 31 31 33 27 3 
8 10 13 14 14 14 13 10 8 
5 7 14 18 18 18 14 10 
3 3 5 3 3 
3 3 5 3 3 
5 9 9 11 11 11 11 11 9 9 5 
5 9 9 11 11 11 11 11 9 9 5 
7 11 13 15 15 17 17 17 17 17 17 17 15 15 13 11 7 
7 11 13 15 15 17 17 17 17 17 17 17 15 15 13 11 7 
6 11 11 15 15 19 19 23 26 28 24 28 26 23 19 19 15 15 11 11 6 
6 11 11 15 15 19 19 23 26 28 24 28 26 23 19 19 15 15 11 11 6 
3 7 11 15 19 17 23 30 30 34 34 36 36 36 34 34 30 30 23 17 19 15 11 7 3 
3 7 11 15 19 17 23 30 30 34 34 36 36 36 34 34 30 30 23 17 19 15 11 7 3 
2 11 15 17 23 26 32 38 36 40 42 44 42 42 42 44 42 40 36 38 32 26 23 17 15 11 2 
2 11 15 17 23 26 32 38 36 40 42 44 42 42 42 44 42 40 36 38 32 26 23 17 15 11 2 
3 11 15 17 26 30 36 40 42 44 49 53 55 59 59 59 55 53 49 44 42 40 36 30 26 17 15 11 3 
3 11 15 17 26 30 36 40 42 44 49 53 55 59 59 59 55 53 49 44 42 40 36 30 26 17 15 11 3 
9 13 17 26 32 38 42 44 49 57 61 63 65 63 65 63 65 63 61 57 49 44 42 38 32 26 17 13 9 
9 13 17 26 32 38 42 44 49 57 61 63 65 63 65 63 65 63 61 57 49 44 42 38 32 26 17 13 9 
11 15 24 34 38 40 46 57 61 67 65 71 72 72 74 72 72 71 65 67 61 57 46 40 38 34 24 15 11 
11 15 24 34 38 40 46 57 61 67 65 71 72 72 74 72 72 71 65 67 61 57 46 40 38 34 24 15 11 
5 11 22 32 38 45 51 59 63 69 69 72 78 84 86 88 86 84 78 72 69 69 63 59 51 45 38 32 22 11 5 
5 11 22 32 38 45 51 59 63 69 69 72 78 84 86 88 86 84 78 72 69 69 63 59 51 45 38 32 22 11 5 
7 18 30 34 40 51 59 65 69 78 84 86 90 94 94 94 94 94 90 86 84 78 69 65 59 51 40 34 30 18 7 
7 18 30 34 40 51 59 65 69 78 84 86 90 94 94 94 94 94 90 86 84 78 69 65 59 51 40 34 30 18 7 
14 24 32 38 49 57 65 70 80 86 92 96 98 99 103 107 103 99 98 96 92 86 80 70 65 57 49 38 32 24 14 
14 24 32 38 49 57 65 70 80 86 92 96 98 99 103 107 103 99 98 96 92 86 80 70 65 57 49 38 32 24 14 
18 26 34 43 57 63 70 82 84 92 94 105 105 111 115 115 115 111 105 105 94 92 84 82 70 63 57 43 34 26 18 
18 26 34 43 57 63 70 82 84 92 94 105 105 111 115 115 115 111 105 105 94 92 84 82 70 63 57 43 34 26 18 
18 26 41 49 61 66 74 88 90 100 107 113 119 119 121 121 121 119 119 113 107 100 90 88 74 66 61 49 41 26 18 
18 26 41 49 61 66 74 88 90 100 107 113 119 119 121 121 121 119 119 113 107 100 90 88 74 66 61 49 41 26 18 
18 26 43 51 59 72 82 92 99 109 113 121 124 130 130 132 130 130 124 121 113 109 99 92 82 72 59 51 43 26 18 
18 26 43 51 59 72 82 92 99 109 113 121 124 130 130 132 130 130 124 121 113 109 99 92 82 72 59 51 43 26 18 
14 31 45 53 64 78 84 93 103 113 119 122 130 138 136 140 136 138 130 122 119 113 103 93 84 78 64 53 45 31 14 
14 31 45 53 64 78 84 93 103 113 119 122 130 138 136 140 136 138 130 122 119 113 103 93 84 78 64 53 45 31 14 
10 31 43 55 68 78 88 99 107 113 122 132 136 140 142 143 142 140 136 132 122 113 107 99 88 78 68 55 43 31 10 
10 31 43 55 68 78 88 99 107 113 122 132 136 140 142 143 142 140 136 132 122 113 107 99 88 78 68 55 43 31 10 
33 45 56 68 78 91 105 115 117 136 138 138 145 147 147 147 145 138 138 136 117 115 105 91 78 68 56 45 33 
33 45 56 68 78 91 105 115 117 136 138 138 145 147 147 147 145 138 138 136 117 115 105 91 78 68 56 45 33 
27 39 56 68 78 93 105 109 124 130 138 147 151 151 151 151 151 147 138 130 124 109 105 93 78 68 56 39 27 
27 39 56 68 78 93 105 109 124 130 138 147 151 151 151 151 151 147 138 130 124 109 105 93 78 68 56 39 27 
3 33 54 64 77 91 103 114 122 132 139 145 145 151 158 151 145 145 139 132 122 114 103 91 77 64 54 33 3 
3 33 54 64 77 91 103 114 122 132 139 145 145 151 158 151 145 145 139 132 122 114 103 91 77 64 54 33 3 
24 50 60 79 93 97 112 124 130 137 145 151 156 156 156 151 145 137 130 124 112 97 93 79 60 50 24 
24 50 60 79 93 97 112 124 130 137 145 151 156 156 156 151 145 137 130 124 112 97 93 79 60 50 24 
36 52 67 87 89 106 118 123 139 145 146 148 153 148 146 145 139 123 118 106 89 87 67 52 36 
36 52 67 87 89 106 118 123 139 145 146 148 153 148 146 145 139 123 118 106 89 87 67 52 36 
33 55 73 90 94 106 113 125 129 132 132 132 129 125 113 106 94 90 73 55 33 
33 55 73 90 94 106 113 125 129 132 132 132 129 125 113 106 94 90 73 55 33 
5 45 56 72 84 96 103 105 105 110 105 105 103 96 84 72 56 45 5 
5 45 56 72 84 96 103 105 105 110 105 105 103 96 84 72 56 45 5 
18 36 24 12 24 12 24 12 24 36 18 
18 36 24 12 24 12 24 12 24 36 18 
