36 54 72 72 72 72 72 54 36 
45 63 81 81 81 81 63 45 
54 90 108 72 63 63 54 63 63 72 108 90 54 
27 81 99 90 90 54 54 54 54 72 90 99 81 9 
54 90 108 72 54 54 45 36 36 36 45 54 54 72 108 90 54 
63 99 72 72 54 54 54 54 54 54 54 54 72 90 99 63 
72 108 72 63 45 54 36 45 36 36 36 45 36 54 45 63 72 108 72 
45 81 90 72 54 36 54 36 36 36 36 36 36 54 54 72 72 117 81 
18 81 90 63 45 54 45 27 36 27 27 27 27 27 36 27 45 54 45 63 90 81 18 
63 99 72 72 54 36 54 36 36 36 36 36 36 36 36 36 54 54 54 117 
81 99 72 45 45 27 27 27 27 36 36 36 36 36 27 27 27 27 45 45 72 99 81 
45 99 72 54 54 54 36 54 36 36 36 18 18 36 36 36 36 36 36 54 135 63 
72 90 72 54 45 36 27 27 36 27 18 18 36 18 18 27 36 27 27 36 45 54 72 90 72 
9 81 90 54 54 54 36 36 36 36 36 36 18 18 36 36 36 36 36 36 54 108 99 9 
54 108 63 45 45 36 36 36 27 36 36 36 18 18 18 36 36 36 27 36 36 36 45 45 63 108 54 
81 90 72 54 54 54 36 36 36 18 36 36 36 36 36 36 18 36 36 36 36 72 108 81 
90 72 45 45 36 36 36 18 36 36 18 27 27 27 27 27 18 36 36 18 36 36 36 45 45 72 90 
45 99 72 54 54 36 36 36 18 36 36 18 18 18 18 18 18 36 36 36 36 36 72 90 99 
54 108 63 54 27 27 36 18 36 18 27 27 18 18 18 18 18 27 27 18 36 18 36 27 27 54 63 108 54 
81 72 54 36 36 36 36 36 36 18 18 36 36 36 36 36 36 18 36 36 36 36 72 54 117 
90 72 45 45 27 27 27 36 18 27 18 18 18 27 27 27 18 18 18 27 18 36 27 27 27 45 45 72 90 
27 99 54 36 54 36 18 36 36 18 36 36 18 18 18 18 18 18 36 36 36 36 36 54 54 135 
36 108 54 54 27 27 36 36 36 27 18 18 27 27 18 18 18 27 27 18 18 27 36 36 36 27 27 54 54 108 36 
63 90 54 54 36 36 36 18 36 36 36 18 18 36 36 36 36 18 18 36 36 36 18 72 54 153 
54 72 54 36 36 27 27 36 18 27 18 27 18 18 18 18 18 18 18 27 18 27 18 36 27 27 36 36 54 72 54 
81 54 54 36 54 18 36 36 18 36 18 18 36 18 18 18 18 36 18 18 36 18 36 54 54 153 
72 63 45 45 27 36 18 36 27 18 18 27 18 18 18 18 18 18 18 27 18 18 27 36 18 36 27 45 45 63 72 
81 72 36 54 36 36 18 36 18 18 18 36 36 18 18 18 18 18 36 18 36 18 36 54 54 153 
72 63 36 36 27 36 18 18 27 18 27 18 18 18 27 27 27 18 18 18 27 18 27 18 18 36 27 36 36 63 72 
99 54 36 36 36 36 18 18 36 18 18 36 18 18 18 18 18 18 36 18 18 18 36 54 63 153 
72 54 36 36 27 36 36 18 27 18 27 18 18 18 27 27 27 18 18 18 27 18 27 18 36 36 27 36 36 54 72 
99 54 54 36 36 36 18 18 36 18 18 18 18 18 18 18 18 18 18 18 18 36 36 63 63 162 
72 63 36 36 27 36 18 18 27 18 27 18 18 18 27 27 27 18 18 18 27 18 27 18 18 36 27 36 36 63 72 
99 54 36 36 36 36 18 18 36 18 18 36 18 18 18 18 18 18 36 18 18 18 36 54 63 153 
72 63 45 45 27 36 18 36 27 18 18 27 18 18 18 18 18 18 18 27 18 18 27 36 18 36 27 45 45 63 72 
81 72 36 54 36 36 18 36 18 18 18 36 36 18 18 18 18 18 36 18 36 18 36 54 54 153 
54 72 54 36 36 27 27 36 18 27 18 27 18 18 18 18 18 18 18 27 18 27 18 36 27 27 36 36 54 72 54 
81 54 54 36 54 18 36 36 18 36 18 18 36 18 18 18 18 36 18 18 36 18 36 54 54 153 
36 108 54 54 27 27 36 36 36 27 18 18 27 27 18 18 18 27 27 18 18 27 36 36 36 27 27 54 54 108 36 
63 90 54 54 36 36 36 18 36 36 36 18 18 36 36 36 36 18 18 36 36 36 18 72 54 153 
90 72 45 45 27 27 27 36 18 27 18 18 18 27 27 27 18 18 18 27 18 36 27 27 27 45 45 72 90 
27 99 54 36 54 36 18 36 36 18 36 36 18 18 18 18 18 18 36 36 36 36 36 54 54 135 
54 108 63 54 27 27 36 18 36 18 27 27 18 18 18 18 18 27 27 18 36 18 36 27 27 54 63 108 54 
81 72 54 36 36 36 36 36 36 18 18 36 36 36 36 36 36 18 36 36 36 36 72 54 117 
90 72 45 45 36 36 36 18 36 36 18 27 27 27 27 27 18 36 36 18 36 36 36 45 45 72 90 
45 99 72 54 54 36 36 36 18 36 36 18 18 18 18 18 18 36 36 36 36 36 72 90 99 
54 108 63 45 45 36 36 36 27 36 36 36 18 18 18 36 36 36 27 36 36 36 45 45 63 108 54 
81 90 72 54 54 54 36 36 36 18 36 36 36 36 36 36 18 36 36 36 36 72 108 81 
72 90 72 54 45 36 27 27 36 27 18 18 36 18 18 27 36 27 27 36 45 54 72 90 72 
9 81 90 54 54 54 36 36 36 36 36 36 18 18 36 36 36 36 36 36 54 108 99 9 
81 99 72 45 45 27 27 27 27 36 36 36 36 36 27 27 27 27 45 45 72 99 81 
45 99 72 54 54 54 36 54 36 36 36 18 18 36 36 36 36 36 36 54 135 63 
18 81 90 63 45 54 45 27 36 27 27 27 27 27 36 27 45 54 45 63 90 81 18 
63 99 72 72 54 36 54 36 36 36 36 36 36 36 36 36 54 54 54 117 
72 108 72 63 45 54 36 45 36 36 36 45 36 54 45 63 72 108 72 
45 81 90 72 54 36 54 36 36 36 36 36 36 54 54 72 72 117 81 
54 90 108 72 54 54 45 36 36 36 45 54 54 72 108 90 54 
63 99 72 72 54 54 54 54 54 54 54 54 72 90 99 63 
54 90 108 72 63 63 54 63 63 72 108 90 54 
27 81 99 90 90 54 54 54 54 72 90 99 81 9 
36 54 72 72 72 72 72 54 36 
45 63 81 81 81 81 63 45 
36 54 72 72 72 72 72 54 36 
45 63 81 81 81 81 63 45 
54 90 108 72 63 63 54 63 63 72 108 90 54 
27 81 99 90 90 54 54 54 54 72 90 99 81 9 
54 90 108 72 54 54 45 36 36 36 45 54 54 72 108 90 54 
63 99 72 72 54 54 54 54 54 54 54 54 72 90 99 63 
72 108 72 63 45 54 36 45 36 36 36 45 36 54 45 63 72 108 72 
45 81 90 72 54 36 54 36 36 36 36 36 36 54 54 72 72 117 81 
18 81 90 63 45 54 45 27 36 27 27 27 27 27 36 27 45 54 45 63 90 81 18 
63 99 72 72 54 36 54 36 36 36 36 36 36 36 36 36 54 54 54 117 
81 99 72 45 45 27 27 27 27 36 36 36 36 36 27 27 27 27 45 45 72 99 81 
45 99 72 54 54 54 36 54 36 36 36 18 18 36 36 36 36 36 36 54 135 63 
72 90 72 54 45 36 27 27 36 27 18 18 36 18 18 27 36 27 27 36 45 54 72 90 72 
9 81 90 54 54 54 36 36 36 36 36 36 18 18 36 36 36 36 36 36 54 108 99 9 
54 108 63 45 45 36 36 36 27 36 36 36 18 18 18 36 36 36 27 36 36 36 45 45 63 108 54 
81 90 72 54 54 54 36 36 36 18 36 36 36 36 36 36 18 36 36 36 36 72 108 81 
90 72 45 45 36 36 36 18 36 36 18 27 27 27 27 27 18 36 36 18 36 36 36 45 45 72 90 
45 99 72 54 54 36 36 36 18 36 36 18 18 18 18 18 18 36 36 36 36 36 72 90 99 
54 108 63 54 27 27 36 18 36 18 27 27 18 18 18 18 18 27 27 18 36 18 36 27 27 54 63 108 54 
81 72 54 36 36 36 36 36 36 18 18 36 36 36 36 36 36 18 36 36 36 36 72 54 117 
90 72 45 45 27 27 27 36 18 27 18 18 18 27 27 27 18 18 18 27 18 36 27 27 27 45 45 72 90 
27 99 54 36 54 36 18 36 36 18 36 36 18 18 18 18 18 18 36 36 36 36 36 54 54 135 
36 108 54 54 27 27 36 36 36 27 18 18 27 27 18 18 18 27 27 18 18 27 36 36 36 27 27 54 54 108 36 
63 90 54 54 36 36 36 18 36 36 36 18 18 36 36 36 36 18 18 36 36 36 18 72 54 153 
54 72 54 36 36 27 27 36 18 27 18 27 18 18 18 18 18 18 18 27 18 27 18 36 27 27 36 36 54 72 54 
81 54 54 36 54 18 36 36 18 36 18 18 36 18 18 18 18 36 18 18 36 18 36 54 54 153 
72 63 45 45 27 36 18 36 27 18 18 27 18 18 18 18 18 18 18 27 18 18 27 36 18 36 27 45 45 63 72 
81 72 36 54 36 36 18 36 18 18 18 36 36 18 18 18 18 18 36 18 36 18 36 54 54 153 
72 63 36 36 27 36 18 18 27 18 27 18 18 18 27 27 27 18 18 18 27 18 27 18 18 36 27 36 36 63 72 
99 54 36 36 36 36 18 18 36 18 18 36 18 18 18 18 18 18 36 18 18 18 36 54 63 153 
72 54 36 36 27 36 36 18 27 18 27 18 18 18 27 27 27 18 18 18 27 18 27 18 36 36 27 36 36 54 72 
99 54 54 36 36 36 18 18 36 18 18 18 18 18 18 18 18 18 18 18 18 36 36 63 63 162 
72 63 36 36 27 36 18 18 27 18 27 18 18 18 27 27 27 18 18 18 27 18 27 18 18 36 27 36 36 63 72 
99 54 36 36 36 36 18 18 36 18 18 36 18 18 18 18 18 18 36 18 18 18 36 54 63 153 
72 63 45 45 27 36 18 36 27 18 18 27 18 18 18 18 18 18 18 27 18 18 27 36 18 36 27 45 45 63 72 
81 72 36 54 36 36 18 36 18 18 18 36 36 18 18 18 18 18 36 18 36 18 36 54 54 153 
54 72 54 36 36 27 27 36 18 27 18 27 18 18 18 18 18 18 18 27 18 27 18 36 27 27 36 36 54 72 54 
81 54 54 36 54 18 36 36 18 36 18 18 36 18 18 18 18 36 18 18 36 18 36 54 54 153 
36 108 54 54 27 27 36 36 36 27 18 18 27 27 18 18 18 27 27 18 18 27 36 36 36 27 27 54 54 108 36 
63 90 54 54 36 36 36 18 36 36 36 18 18 36 36 36 36 18 18 36 36 36 18 72 54 153 
90 72 45 45 27 27 27 36 18 27 18 18 18 27 27 27 18 18 18 27 18 36 27 27 27 45 45 72 90 
27 99 54 36 54 36 18 36 36 18 36 36 18 18 18 18 18 18 36 36 36 36 36 54 54 135 
54 108 63 54 27 27 36 18 36 18 27 27 18 18 18 18 18 27 27 18 36 18 36 27 27 54 63 108 54 
81 72 54 36 36 36 36 36 36 18 18 36 36 36 36 36 36 18 36 36 36 36 72 54 117 
90 72 45 45 36 36 36 18 36 36 18 27 27 27 27 27 18 36 36 18 36 36 36 45 45 72 90 
45 99 72 54 54 36 36 36 18 36 36 18 18 18 18 18 18 36 36 36 36 36 72 90 99 
54 108 63 45 45 36 36 36 27 36 36 36 18 18 18 36 36 36 27 36 36 36 45 45 63 108 54 
81 90 72 54 54 54 36 36 36 18 36 36 36 36 36 36 18 36 36 36 36 72 108 81 
72 90 72 54 45 36 27 27 36 27 18 18 36 18 18 27 36 27 27 36 45 54 72 90 72 
9 81 90 54 54 54 36 36 36 36 36 36 18 18 36 36 36 36 36 36 54 108 99 9 
81 99 72 45 45 27 27 27 27 36 36 36 36 36 27 27 27 27 45 45 72 99 81 
45 99 72 54 54 54 36 54 36 36 36 18 18 36 36 36 36 36 36 54 135 63 
18 81 90 63 45 54 45 27 36 27 27 27 27 27 36 27 45 54 45 63 90 81 18 
63 99 72 72 54 36 54 36 36 36 36 36 36 36 36 36 54 54 54 117 
72 108 72 63 45 54 36 45 36 36 36 45 36 54 45 63 72 108 72 
45 81 90 72 54 36 54 36 36 36 36 36 36 54 54 72 72 117 81 
54 90 108 72 54 54 45 36 36 36 45 54 54 72 108 90 54 
63 99 72 72 54 54 54 54 54 54 54 54 72 90 99 63 
54 90 108 72 63 63 54 63 63 72 108 90 54 
27 81 99 90 90 54 54 54 54 72 90 99 81 9 
36 54 72 72 72 72 72 54 36 
45 63 81 81 81 81 63 45 
27 63 81 81 99 99 99 81 81 63 27 
27 63 81 81 99 99 99 81 81 63 27 
45 81 99 90 54 72 54 54 54 72 54 90 99 81 45 
45 81 99 90 54 72 54 54 54 72 54 90 99 81 45 
9 81 99 72 54 54 54 36 36 54 36 36 54 54 54 72 99 81 9 
9 81 99 72 54 54 54 36 36 54 36 36 54 54 54 72 99 81 9 
45 81 90 72 54 36 54 36 54 36 36 36 54 36 54 36 54 72 90 81 45 
45 81 90 72 54 36 54 36 54 36 36 36 54 36 54 36 54 72 90 81 45 
63 99 90 72 54 36 54 36 54 36 36 36 36 36 54 36 54 36 54 72 90 99 63 
63 99 90 72 54 36 54 36 54 36 36 36 36 36 54 36 54 36 54 72 90 99 63 
45 99 72 54 54 54 36 36 36 18 36 36 36 36 36 18 36 36 36 54 54 54 72 99 45 
45 99 72 54 54 54 36 36 36 18 36 36 36 36 36 18 36 36 36 54 54 54 72 99 45 
81 72 54 54 54 36 36 18 36 36 18 18 18 18 18 36 36 18 36 36 54 54 54 72 81 
81 72 54 54 54 36 36 18 36 36 18 18 18 18 18 36 36 18 36 36 54 54 54 72 81 
63 90 72 54 54 54 36 36 36 18 36 36 18 18 18 36 36 18 36 36 36 54 54 54 72 90 63 
63 90 72 54 54 54 36 36 36 18 36 36 18 18 18 36 36 18 36 36 36 54 54 54 72 90 63 
27 99 72 54 54 36 36 36 36 36 36 18 18 36 36 36 18 18 36 36 36 36 36 36 54 54 72 99 27 
27 99 72 54 54 36 36 36 36 36 36 18 18 36 36 36 18 18 36 36 36 36 36 36 54 54 72 99 27 
81 72 54 36 36 36 36 18 36 18 36 36 18 18 18 18 18 36 36 18 36 18 36 36 36 36 54 72 81 
81 72 54 36 36 36 36 18 36 18 36 36 18 18 18 18 18 36 36 18 36 18 36 36 36 36 54 72 81 
99 72 36 54 54 36 36 36 18 36 36 18 18 18 18 18 18 18 36 36 18 36 36 36 54 54 36 72 99 
99 72 36 54 54 36 36 36 18 36 36 18 18 18 18 18 18 18 36 36 18 36 36 36 54 54 36 72 99 
45 90 54 54 36 36 36 18 36 18 36 18 18 36 36 18 36 36 18 18 36 18 36 18 36 36 36 54 54 90 45 
45 90 54 54 36 36 36 18 36 18 36 18 18 36 36 18 36 36 18 18 36 18 36 18 36 36 36 54 54 90 45 
63 90 54 36 36 36 36 36 18 36 18 18 36 36 18 18 18 36 36 18 18 36 18 36 36 36 36 36 54 90 63 
63 90 54 36 36 36 36 36 18 36 18 18 36 36 18 18 18 36 36 18 18 36 18 36 36 36 36 36 54 90 63 
81 54 54 36 36 36 36 36 18 36 18 36 18 18 18 18 18 18 18 36 18 36 18 36 36 36 36 36 54 54 81 
81 54 54 36 36 36 36 36 18 36 18 36 18 18 18 18 18 18 18 36 18 36 18 36 36 36 36 36 54 54 81 
81 54 54 36 36 18 18 36 18 36 18 36 18 18 18 18 18 18 18 36 18 36 18 36 18 18 36 36 54 54 81 
81 54 54 36 36 18 18 36 18 36 18 36 18 18 18 18 18 18 18 36 18 36 18 36 18 18 36 36 54 54 81 
81 54 54 36 36 18 18 36 18 36 18 36 18 18 18 18 18 18 18 36 18 36 18 36 18 18 36 36 54 54 81 
81 54 54 36 36 18 18 36 18 36 18 36 18 18 18 18 18 18 18 36 18 36 18 36 18 18 36 36 54 54 81 
81 54 54 36 36 36 36 36 18 36 18 36 18 18 18 18 18 18 18 36 18 36 18 36 36 36 36 36 54 54 81 
81 54 54 36 36 36 36 36 18 36 18 36 18 18 18 18 18 18 18 36 18 36 18 36 36 36 36 36 54 54 81 
63 72 54 36 36 36 36 36 18 36 18 18 36 18 18 18 18 18 36 18 18 36 18 36 36 36 36 36 54 72 63 
63 72 54 36 36 36 36 36 18 36 18 18 36 18 18 18 18 18 36 18 18 36 18 36 36 36 36 36 54 72 63 
45 90 54 54 36 36 36 18 36 18 36 18 18 36 36 18 36 36 18 18 36 18 36 18 36 36 36 54 54 90 45 
45 90 54 54 36 36 36 18 36 18 36 18 18 36 36 18 36 36 18 18 36 18 36 18 36 36 36 54 54 90 45 
99 72 54 36 36 36 36 36 36 36 36 18 18 18 18 18 18 18 36 36 36 36 36 36 36 36 54 72 99 
99 72 54 36 36 36 36 36 36 36 36 18 18 18 18 18 18 18 36 36 36 36 36 36 36 36 54 72 99 
81 90 72 54 36 36 36 36 36 36 36 36 36 18 18 18 36 36 36 36 36 36 36 36 36 54 72 90 81 
81 90 72 54 36 36 36 36 36 36 36 36 36 18 18 18 36 36 36 36 36 36 36 36 36 54 72 90 81 
9 99 72 54 36 36 36 36 36 36 36 18 18 18 36 18 18 18 36 36 36 36 36 36 36 54 72 99 9 
9 99 72 54 36 36 36 36 36 36 36 18 18 18 36 18 18 18 36 36 36 36 36 36 36 54 72 99 9 
63 117 54 54 54 36 36 36 36 18 36 36 36 36 36 36 36 18 36 36 36 36 54 54 54 117 63 
63 117 54 54 54 36 36 36 36 18 36 36 36 36 36 36 36 18 36 36 36 36 54 54 54 117 63 
81 117 135 108 72 72 72 54 72 54 54 54 63 54 54 54 72 54 72 72 72 108 135 117 81 
81 117 135 108 72 72 72 54 72 54 54 54 63 54 54 54 72 54 72 72 72 108 135 117 81 
63 99 108 90 54 54 54 54 54 63 63 63 54 54 54 54 54 90 108 99 63 
63 99 108 90 54 54 54 54 54 63 63 63 54 54 54 54 54 90 108 99 63 
9 81 99 117 135 153 153 153 153 162 153 153 153 153 135 117 99 81 9 
9 81 99 117 135 153 153 153 153 162 153 153 153 153 135 117 99 81 9 
