18 0 0 0 0 0 0 0 0 0 0 0 0 0 0 0 0 0 0 0 0 0 0 0 18 
18 0 0 0 0 0 0 0 0 0 0 0 0 0 0 0 0 0 0 0 0 0 0 0 18 
18 18 0 0 0 0 0 0 0 0 0 0 0 0 0 0 0 0 0 0 0 0 0 18 18 
18 18 0 0 0 0 0 0 0 0 0 0 0 0 0 0 0 0 0 0 0 0 0 18 18 
18 18 18 0 0 0 0 0 0 0 0 0 0 0 0 0 0 0 0 0 0 0 18 18 18 
18 18 18 0 0 0 0 0 0 0 0 0 0 0 0 0 0 0 0 0 0 0 18 18 18 
18 0 0 18 0 0 0 0 0 0 0 0 0 0 0 0 0 0 0 0 0 18 0 0 18 
18 0 0 18 0 0 0 0 0 0 0 0 0 0 0 0 0 0 0 0 0 18 0 0 18 
18 18 18 0 18 0 0 0 0 0 0 0 0 0 0 0 0 0 0 0 18 0 18 18 18 
18 18 18 0 18 0 0 0 0 0 0 0 0 0 0 0 0 0 0 0 18 0 18 18 18 
18 18 18 0 0 0 0 0 0 0 0 0 0 0 0 0 0 0 0 0 18 18 18 
18 18 18 0 0 0 0 0 0 0 0 0 0 0 0 0 0 0 0 0 18 18 18 
18 18 18 18 18 18 0 0 0 0 0 0 0 0 0 0 0 0 0 18 18 18 18 18 18 
18 18 18 18 18 18 0 0 0 0 0 0 0 0 0 0 0 0 0 18 18 18 18 18 18 
36 18 0 0 0 18 18 18 0 0 0 0 0 0 0 0 0 18 18 18 0 0 0 18 36 
36 18 0 0 0 18 18 18 0 0 0 0 0 0 0 0 0 18 18 18 0 0 0 18 36 
18 18 18 18 18 0 18 0 18 0 0 0 0 0 0 0 18 0 18 0 18 18 18 18 18 
18 18 18 18 18 0 18 0 18 0 0 0 0 0 0 0 18 0 18 0 18 18 18 18 18 
63 90 54 36 36 36 18 36 18 36 36 36 18 36 36 36 18 36 18 36 36 36 54 90 63 
63 90 54 36 36 36 18 36 18 36 36 36 18 36 36 36 18 36 18 36 36 36 54 90 63 
81 54 36 18 18 36 18 36 18 18 18 18 18 18 18 36 18 36 18 18 36 54 81 
81 54 36 18 18 36 18 36 18 18 18 18 18 18 18 36 18 36 18 18 36 54 81 
63 90 54 36 36 18 36 18 36 36 36 18 36 36 36 18 36 18 36 36 54 90 63 
63 90 54 36 36 18 36 18 36 36 36 18 36 36 36 18 36 18 36 36 54 90 63 
9 81 54 36 36 36 18 36 18 18 18 36 18 18 18 36 18 36 36 36 54 81 9 
9 81 54 36 36 36 18 36 18 18 18 36 18 18 18 36 18 36 36 36 54 81 9 
63 72 36 18 18 36 18 36 36 18 18 18 36 36 18 36 18 18 36 72 63 
63 72 36 18 18 36 18 36 36 18 18 18 36 36 18 36 18 18 36 72 63 
27 81 54 36 36 18 36 18 18 36 36 36 18 18 36 18 36 36 54 81 27 
27 81 54 36 36 18 36 18 18 36 36 36 18 18 36 18 36 36 54 81 27 
63 72 36 36 36 18 36 36 18 18 18 36 36 18 36 36 36 72 63 
63 72 36 36 36 18 36 36 18 18 18 36 36 18 36 36 36 72 63 
27 81 36 18 18 36 18 18 36 36 36 18 18 36 18 18 36 81 27 
27 81 36 18 18 36 18 18 36 36 36 18 18 36 18 18 36 81 27 
63 72 36 36 18 36 36 18 18 18 36 36 18 36 36 72 63 
63 72 36 36 18 36 36 18 18 18 36 36 18 36 36 72 63 
27 81 36 36 36 18 18 36 36 36 18 18 36 36 36 81 27 
27 81 36 36 36 18 18 36 36 36 18 18 36 36 36 81 27 
63 54 36 36 36 36 18 18 18 36 36 36 36 54 63 
63 54 36 36 36 36 18 18 18 36 36 36 36 54 63 
27 63 36 18 18 18 36 36 36 18 18 18 36 63 27 
27 63 36 18 18 18 36 36 36 18 18 18 36 63 27 
63 54 36 36 36 18 18 18 36 36 36 54 63 
63 54 36 36 36 18 18 18 36 36 36 54 63 
27 63 36 36 18 36 36 36 18 36 36 63 27 
27 63 36 36 18 36 36 36 18 36 36 63 27 
45 54 18 36 18 18 18 36 18 54 45 
45 54 18 36 18 18 18 36 18 54 45 
27 63 36 18 36 36 36 18 36 63 27 
27 63 36 18 36 36 36 18 36 63 27 
45 36 36 18 18 18 36 36 45 
45 36 36 18 18 18 36 36 45 
27 63 18 36 36 36 18 63 27 
27 63 18 36 36 36 18 63 27 
45 36 18 18 18 36 45 
45 36 18 18 18 36 45 
27 45 36 36 36 45 27 
27 45 36 36 36 45 27 
45 18 18 18 45 
45 18 18 18 45 
27 45 36 45 27 
27 45 36 45 27 
27 18 27 
27 18 27 
27 27 27 
27 27 27 
9 
9 
9 
9 
18 0 18 18 18 18 0 18 36 18 63 
9 9 9 9 9 9 9 9 9 9 9 9 9 9 9 9 9 9 9 9 9 9 9 9 9 
18 18 0 18 18 18 18 18 90 81 63 9 
9 9 9 9 9 9 9 9 18 27 27 27 27 27 27 27 18 9 9 9 9 9 9 9 9 
18 0 18 18 18 0 18 54 54 90 81 63 27 
9 9 9 9 9 9 18 27 27 27 27 36 27 36 27 27 27 27 18 9 9 9 9 9 9 
18 0 18 18 0 18 36 36 54 54 72 81 63 27 
9 9 9 9 9 27 27 27 27 27 27 27 27 27 27 27 27 27 27 27 9 9 9 9 9 
18 0 18 0 18 36 18 36 36 36 54 72 81 63 27 
9 9 9 9 27 18 27 27 27 27 27 27 27 27 27 27 27 27 27 18 27 9 9 9 9 
18 18 0 36 18 36 36 18 36 36 36 72 81 63 27 
9 9 9 27 18 27 18 27 27 27 27 27 27 27 27 27 27 27 18 27 18 27 9 9 9 
18 18 18 36 18 36 18 36 36 18 36 36 54 63 63 27 
9 9 18 27 27 18 27 18 18 27 27 27 27 27 27 27 18 18 27 18 27 27 18 9 9 
18 0 36 18 36 18 36 18 36 18 36 36 36 36 54 63 45 27 
9 9 27 27 27 27 18 27 27 18 27 27 27 27 27 18 27 27 18 27 27 27 27 9 9 
18 18 36 18 36 18 36 18 36 18 36 36 18 36 36 54 63 45 27 
9 18 27 27 27 27 18 27 27 27 27 27 27 27 27 27 27 27 18 27 27 27 27 18 9 
36 18 36 18 36 18 36 18 36 18 36 18 36 36 18 36 36 63 45 27 
9 27 27 27 27 27 27 18 27 27 27 27 27 27 27 27 27 18 27 27 27 27 27 27 9 
36 18 36 18 36 18 36 18 36 18 36 18 36 18 36 18 36 18 36 45 45 27 
9 27 27 27 27 27 27 27 27 27 27 27 27 27 27 27 27 27 27 27 27 27 27 27 9 
36 18 36 18 18 36 18 36 18 36 18 36 18 36 18 36 18 36 18 36 18 45 27 27 
9 27 36 27 27 27 27 27 27 27 27 27 27 27 27 27 27 27 27 27 27 27 36 27 9 
18 18 18 36 18 36 18 36 18 36 18 36 18 36 18 36 18 36 18 36 18 36 18 27 9 9 
9 27 27 27 27 27 27 27 27 27 27 27 27 27 27 27 27 27 27 27 27 27 27 27 9 
36 18 36 18 18 36 18 36 18 36 18 36 18 36 18 36 18 36 18 36 18 45 27 27 
9 27 36 27 27 27 27 27 27 27 27 27 27 27 27 27 27 27 27 27 27 27 36 27 9 
36 18 36 18 36 18 36 18 36 18 36 18 36 18 36 18 36 18 36 45 45 27 
9 27 27 27 27 27 27 27 27 27 27 27 27 27 27 27 27 27 27 27 27 27 27 27 9 
36 18 36 18 36 18 36 18 36 18 36 18 36 36 18 36 36 63 45 27 
9 27 27 27 27 27 27 18 27 27 27 27 27 27 27 27 27 18 27 27 27 27 27 27 9 
18 18 36 18 36 18 36 18 36 18 36 36 18 36 36 54 63 45 27 
9 18 27 27 27 27 18 27 27 27 27 27 27 27 27 27 27 27 18 27 27 27 27 18 9 
18 0 36 18 36 18 36 18 36 18 36 36 36 36 54 63 45 27 
9 9 27 27 27 27 18 27 27 18 27 27 27 27 27 18 27 27 18 27 27 27 27 9 9 
18 18 18 36 18 36 18 36 36 18 36 36 54 63 63 27 
9 9 18 27 27 18 27 18 18 27 27 27 27 27 27 27 18 18 27 18 27 27 18 9 9 
18 18 0 36 18 36 36 18 36 36 36 72 81 63 27 
9 9 9 27 18 27 18 27 27 27 27 27 27 27 27 27 27 27 18 27 18 27 9 9 9 
18 0 18 0 18 36 18 36 36 36 54 72 81 63 27 
9 9 9 9 27 18 27 27 27 27 27 27 27 27 27 27 27 27 27 18 27 9 9 9 9 
18 0 18 18 0 18 36 36 54 54 72 81 63 27 
9 9 9 9 9 27 27 27 27 27 27 27 27 27 27 27 27 27 27 27 9 9 9 9 9 
18 0 18 18 18 0 18 54 54 90 81 63 27 
9 9 9 9 9 9 18 27 27 27 27 36 27 36 27 27 27 27 18 9 9 9 9 9 9 
18 18 0 18 18 18 18 18 90 81 63 9 
9 9 9 9 9 9 9 9 18 27 27 27 27 27 27 27 18 9 9 9 9 9 9 9 9 
18 0 18 18 18 18 0 18 36 18 63 
9 9 9 9 9 9 9 9 9 9 9 9 9 9 9 9 9 9 9 9 9 9 9 9 9 
18 0 18 18 18 18 0 18 36 18 63 
9 9 9 9 9 9 9 9 9 9 9 9 9 9 9 9 9 9 9 9 9 9 9 9 9 
18 18 0 18 18 18 18 18 90 81 63 9 
9 9 9 9 9 9 9 9 18 27 27 27 27 27 27 27 18 9 9 9 9 9 9 9 9 
18 0 18 18 18 0 18 54 54 90 81 63 27 
9 9 9 9 9 9 18 27 27 27 27 36 27 36 27 27 27 27 18 9 9 9 9 9 9 
18 0 18 18 0 18 36 36 54 54 72 81 63 27 
9 9 9 9 9 27 27 27 27 27 27 27 27 27 27 27 27 27 27 27 9 9 9 9 9 
18 0 18 0 18 36 18 36 36 36 54 72 81 63 27 
9 9 9 9 27 18 27 27 27 27 27 27 27 27 27 27 27 27 27 18 27 9 9 9 9 
18 18 0 36 18 36 36 18 36 36 36 72 81 63 27 
9 9 9 27 18 27 18 27 27 27 27 27 27 27 27 27 27 27 18 27 18 27 9 9 9 
18 18 18 36 18 36 18 36 36 18 36 36 54 63 63 27 
9 9 18 27 27 18 27 18 18 27 27 27 27 27 27 27 18 18 27 18 27 27 18 9 9 
18 0 36 18 36 18 36 18 36 18 36 36 36 36 54 63 45 27 
9 9 27 27 27 27 18 27 27 18 27 27 27 27 27 18 27 27 18 27 27 27 27 9 9 
18 18 36 18 36 18 36 18 36 18 36 36 18 36 36 54 63 45 27 
9 18 27 27 27 27 18 27 27 27 27 27 27 27 27 27 27 27 18 27 27 27 27 18 9 
36 18 36 18 36 18 36 18 36 18 36 18 36 36 18 36 36 63 45 27 
9 27 27 27 27 27 27 18 27 27 27 27 27 27 27 27 27 18 27 27 27 27 27 27 9 
36 18 36 18 36 18 36 18 36 18 36 18 36 18 36 18 36 18 36 45 45 27 
9 27 27 27 27 27 27 27 27 27 27 27 27 27 27 27 27 27 27 27 27 27 27 27 9 
36 18 36 18 18 36 18 36 18 36 18 36 18 36 18 36 18 36 18 36 18 45 27 27 
9 27 36 27 27 27 27 27 27 27 27 27 27 27 27 27 27 27 27 27 27 27 36 27 9 
18 18 18 36 18 36 18 36 18 36 18 36 18 36 18 36 18 36 18 36 18 36 18 27 9 9 
9 27 27 27 27 27 27 27 27 27 27 27 27 27 27 27 27 27 27 27 27 27 27 27 9 
36 18 36 18 18 36 18 36 18 36 18 36 18 36 18 36 18 36 18 36 18 45 27 27 
9 27 36 27 27 27 27 27 27 27 27 27 27 27 27 27 27 27 27 27 27 27 36 27 9 
36 18 36 18 36 18 36 18 36 18 36 18 36 18 36 18 36 18 36 45 45 27 
9 27 27 27 27 27 27 27 27 27 27 27 27 27 27 27 27 27 27 27 27 27 27 27 9 
36 18 36 18 36 18 36 18 36 18 36 18 36 36 18 36 36 63 45 27 
9 27 27 27 27 27 27 18 27 27 27 27 27 27 27 27 27 18 27 27 27 27 27 27 9 
18 18 36 18 36 18 36 18 36 18 36 36 18 36 36 54 63 45 27 
9 18 27 27 27 27 18 27 27 27 27 27 27 27 27 27 27 27 18 27 27 27 27 18 9 
18 0 36 18 36 18 36 18 36 18 36 36 36 36 54 63 45 27 
9 9 27 27 27 27 18 27 27 18 27 27 27 27 27 18 27 27 18 27 27 27 27 9 9 
18 18 18 36 18 36 18 36 36 18 36 36 54 63 63 27 
9 9 18 27 27 18 27 18 18 27 27 27 27 27 27 27 18 18 27 18 27 27 18 9 9 
18 18 0 36 18 36 36 18 36 36 36 72 81 63 27 
9 9 9 27 18 27 18 27 27 27 27 27 27 27 27 27 27 27 18 27 18 27 9 9 9 
18 0 18 0 18 36 18 36 36 36 54 72 81 63 27 
9 9 9 9 27 18 27 27 27 27 27 27 27 27 27 27 27 27 27 18 27 9 9 9 9 
18 0 18 18 0 18 36 36 54 54 72 81 63 27 
9 9 9 9 9 27 27 27 27 27 27 27 27 27 27 27 27 27 27 27 9 9 9 9 9 
18 0 18 18 18 0 18 54 54 90 81 63 27 
9 9 9 9 9 9 18 27 27 27 27 36 27 36 27 27 27 27 18 9 9 9 9 9 9 
18 18 0 18 18 18 18 18 90 81 63 9 
9 9 9 9 9 9 9 9 18 27 27 27 27 27 27 27 18 9 9 9 9 9 9 9 9 
18 0 18 18 18 18 0 18 36 18 63 
9 9 9 9 9 9 9 9 9 9 9 9 9 9 9 9 9 9 9 9 9 9 9 9 9 
