7 11 15 24 30 34 36 40 41 51 53 53 50 53 53 51 41 40 36 34 30 24 15 11 7 
7 11 15 24 30 34 36 40 41 51 53 53 50 53 53 51 41 40 36 34 30 24 15 11 7 
7 20 28 32 36 45 49 53 57 57 57 57 57 57 57 53 49 45 36 32 28 20 7 
7 20 28 32 36 45 49 53 57 57 57 57 57 57 57 53 49 45 36 32 28 20 7 
2 18 26 35 43 49 51 57 60 64 66 70 66 64 60 57 51 49 43 35 26 18 2 
2 18 26 35 43 49 51 57 60 64 66 70 66 64 60 57 51 49 43 35 26 18 2 
14 29 37 43 49 60 64 70 72 72 72 72 72 70 64 60 49 43 37 29 14 
14 29 37 43 49 60 64 70 72 72 72 72 72 70 64 60 49 43 37 29 14 
9 27 39 48 60 62 70 70 71 81 83 81 71 70 70 62 60 48 39 27 9 
9 27 39 48 60 62 70 70 71 81 83 81 71 70 70 62 60 48 39 27 9 
21 38 48 56 64 71 79 83 83 83 83 83 79 71 64 56 48 38 21 
21 38 48 56 64 71 79 83 83 83 83 83 79 71 64 56 48 38 21 
12 36 44 53 67 77 79 79 87 89 87 79 79 77 67 53 44 36 12 
12 36 44 53 67 77 79 79 87 89 87 79 79 77 67 53 44 36 12 
28 45 59 69 71 84 86 88 90 88 86 84 71 69 59 45 28 
28 45 59 69 71 84 86 88 90 88 86 84 71 69 59 45 28 
12 43 53 63 78 82 84 92 92 92 84 82 78 63 53 43 12 
12 43 53 63 78 82 84 92 92 92 84 82 78 63 53 43 12 
35 45 60 74 84 89 91 91 91 89 84 74 60 45 35 
35 45 60 74 84 89 91 91 91 89 84 74 60 45 35 
15 38 62 64 79 81 95 95 95 81 79 64 62 38 15 
15 38 62 64 79 81 95 95 95 81 79 64 62 38 15 
40 54 69 81 85 88 90 88 85 81 69 54 40 
40 54 69 81 85 88 90 88 85 81 69 54 40 
18 42 59 73 76 90 92 90 76 73 59 42 18 
18 42 59 73 76 90 92 90 76 73 59 42 18 
30 59 61 78 80 81 80 78 61 59 30 
30 59 61 78 80 81 80 78 61 59 30 
18 47 61 64 78 80 78 64 61 47 18 
18 47 61 64 78 80 78 64 61 47 18 
33 47 61 64 66 64 61 47 33 
33 47 61 64 66 64 61 47 33 
18 45 47 61 61 61 47 45 18 
18 45 47 61 61 61 47 45 18 
30 45 47 47 47 45 30 
30 45 47 47 47 45 30 
18 30 42 42 42 30 18 
18 30 42 42 42 30 18 
30 30 30 30 30 
30 30 30 30 30 
15 25 25 25 15 
15 25 25 25 15 
15 15 15 
15 15 15 
15 15 15 
15 15 15 
4 
4 
4 
4 
3 
3 
7 
1 1 1 1 1 1 1 
11 7 2 
1 1 2 2 2 4 2 2 2 1 1 
15 20 18 14 9 
1 1 2 5 7 7 10 10 10 7 7 5 2 1 1 
24 28 26 29 27 21 12 
1 2 5 7 10 15 15 19 19 19 15 15 10 7 5 2 1 
30 32 35 37 39 38 36 28 12 
1 2 5 10 15 19 23 25 29 29 29 25 23 19 15 10 5 2 1 
34 36 43 43 48 48 44 45 43 35 15 
1 2 5 10 15 23 29 35 35 41 42 41 35 35 29 23 15 10 5 2 1 
36 45 49 49 60 56 53 59 53 45 38 40 18 
1 5 10 15 23 29 36 48 49 56 57 56 49 48 36 29 23 15 10 5 1 
40 49 51 60 62 64 67 69 63 60 62 54 42 30 18 
1 2 7 15 23 29 41 49 57 65 71 71 71 65 57 49 41 29 23 15 7 2 1 
41 53 57 64 70 71 77 71 78 74 64 69 59 59 47 33 18 
1 5 10 19 29 36 49 63 71 83 91 91 91 83 71 63 49 36 29 19 10 5 1 
51 57 60 70 70 79 79 84 82 84 79 81 73 61 61 47 45 30 18 
1 2 7 15 23 35 48 57 71 89 97 107 107 107 97 89 71 57 48 35 23 15 7 2 1 
53 57 64 72 71 83 79 86 84 89 81 85 76 78 64 61 47 45 30 30 15 
1 2 7 15 25 35 49 65 83 97 113 121 124 121 113 97 83 65 49 35 25 15 7 2 1 
53 57 66 72 81 83 87 88 92 91 95 88 90 80 78 64 61 47 42 30 25 15 15 
1 2 10 19 29 41 56 71 91 107 121 134 136 134 121 107 91 71 56 41 29 19 10 2 1 
50 57 70 72 83 83 89 90 92 91 95 90 92 81 80 66 61 47 42 30 25 15 15 4 4 3 
1 4 10 19 29 42 57 71 91 107 124 136 145 136 124 107 91 71 57 42 29 19 10 4 1 
53 57 66 72 81 83 87 88 92 91 95 88 90 80 78 64 61 47 42 30 25 15 15 
1 2 10 19 29 41 56 71 91 107 121 134 136 134 121 107 91 71 56 41 29 19 10 2 1 
53 57 64 72 71 83 79 86 84 89 81 85 76 78 64 61 47 45 30 30 15 
1 2 7 15 25 35 49 65 83 97 113 121 124 121 113 97 83 65 49 35 25 15 7 2 1 
51 57 60 70 70 79 79 84 82 84 79 81 73 61 61 47 45 30 18 
1 2 7 15 23 35 48 57 71 89 97 107 107 107 97 89 71 57 48 35 23 15 7 2 1 
41 53 57 64 70 71 77 71 78 74 64 69 59 59 47 33 18 
1 5 10 19 29 36 49 63 71 83 91 91 91 83 71 63 49 36 29 19 10 5 1 
40 49 51 60 62 64 67 69 63 60 62 54 42 30 18 
1 2 7 15 23 29 41 49 57 65 71 71 71 65 57 49 41 29 23 15 7 2 1 
36 45 49 49 60 56 53 59 53 45 38 40 18 
1 5 10 15 23 29 36 48 49 56 57 56 49 48 36 29 23 15 10 5 1 
34 36 43 43 48 48 44 45 43 35 15 
1 2 5 10 15 23 29 35 35 41 42 41 35 35 29 23 15 10 5 2 1 
30 32 35 37 39 38 36 28 12 
1 2 5 10 15 19 23 25 29 29 29 25 23 19 15 10 5 2 1 
24 28 26 29 27 21 12 
1 2 5 7 10 15 15 19 19 19 15 15 10 7 5 2 1 
15 20 18 14 9 
1 1 2 5 7 7 10 10 10 7 7 5 2 1 1 
11 7 2 
1 1 2 2 2 4 2 2 2 1 1 
7 
1 1 1 1 1 1 1 
7 
1 1 1 1 1 1 1 
11 7 2 
1 1 2 2 2 4 2 2 2 1 1 
15 20 18 14 9 
1 1 2 5 7 7 10 10 10 7 7 5 2 1 1 
24 28 26 29 27 21 12 
1 2 5 7 10 15 15 19 19 19 15 15 10 7 5 2 1 
30 32 35 37 39 38 36 28 12 
1 2 5 10 15 19 23 25 29 29 29 25 23 19 15 10 5 2 1 
34 36 43 43 48 48 44 45 43 35 15 
1 2 5 10 15 23 29 35 35 41 42 41 35 35 29 23 15 10 5 2 1 
36 45 49 49 60 56 53 59 53 45 38 40 18 
1 5 10 15 23 29 36 48 49 56 57 56 49 48 36 29 23 15 10 5 1 
40 49 51 60 62 64 67 69 63 60 62 54 42 30 18 
1 2 7 15 23 29 41 49 57 65 71 71 71 65 57 49 41 29 23 15 7 2 1 
41 53 57 64 70 71 77 71 78 74 64 69 59 59 47 33 18 
1 5 10 19 29 36 49 63 71 83 91 91 91 83 71 63 49 36 29 19 10 5 1 
51 57 60 70 70 79 79 84 82 84 79 81 73 61 61 47 45 30 18 
1 2 7 15 23 35 48 57 71 89 97 107 107 107 97 89 71 57 48 35 23 15 7 2 1 
53 57 64 72 71 83 79 86 84 89 81 85 76 78 64 61 47 45 30 30 15 
1 2 7 15 25 35 49 65 83 97 113 121 124 121 113 97 83 65 49 35 25 15 7 2 1 
53 57 66 72 81 83 87 88 92 91 95 88 90 80 78 64 61 47 42 30 25 15 15 
1 2 10 19 29 41 56 71 91 107 121 134 136 134 121 107 91 71 56 41 29 19 10 2 1 
50 57 70 72 83 83 89 90 92 91 95 90 92 81 80 66 61 47 42 30 25 15 15 4 4 3 
1 4 10 19 29 42 57 71 91 107 124 136 145 136 124 107 91 71 57 42 29 19 10 4 1 
53 57 66 72 81 83 87 88 92 91 95 88 90 80 78 64 61 47 42 30 25 15 15 
1 2 10 19 29 41 56 71 91 107 121 134 136 134 121 107 91 71 56 41 29 19 10 2 1 
53 57 64 72 71 83 79 86 84 89 81 85 76 78 64 61 47 45 30 30 15 
1 2 7 15 25 35 49 65 83 97 113 121 124 121 113 97 83 65 49 35 25 15 7 2 1 
51 57 60 70 70 79 79 84 82 84 79 81 73 61 61 47 45 30 18 
1 2 7 15 23 35 48 57 71 89 97 107 107 107 97 89 71 57 48 35 23 15 7 2 1 
41 53 57 64 70 71 77 71 78 74 64 69 59 59 47 33 18 
1 5 10 19 29 36 49 63 71 83 91 91 91 83 71 63 49 36 29 19 10 5 1 
40 49 51 60 62 64 67 69 63 60 62 54 42 30 18 
1 2 7 15 23 29 41 49 57 65 71 71 71 65 57 49 41 29 23 15 7 2 1 
36 45 49 49 60 56 53 59 53 45 38 40 18 
1 5 10 15 23 29 36 48 49 56 57 56 49 48 36 29 23 15 10 5 1 
34 36 43 43 48 48 44 45 43 35 15 
1 2 5 10 15 23 29 35 35 41 42 41 35 35 29 23 15 10 5 2 1 
30 32 35 37 39 38 36 28 12 
1 2 5 10 15 19 23 25 29 29 29 25 23 19 15 10 5 2 1 
24 28 26 29 27 21 12 
1 2 5 7 10 15 15 19 19 19 15 15 10 7 5 2 1 
15 20 18 14 9 
1 1 2 5 7 7 10 10 10 7 7 5 2 1 1 
11 7 2 
1 1 2 2 2 4 2 2 2 1 1 
7 
1 1 1 1 1 1 1 
