15 17 28 34 38 41 50 52 56 58 58 58 58 58 58 58 56 52 50 41 38 34 28 17 
15 17 28 34 38 41 50 52 56 58 58 58 58 58 58 58 56 52 50 41 38 34 28 17 
17 28 34 38 46 52 56 58 62 65 69 71 71 71 69 65 62 58 56 52 46 38 34 28 
17 28 34 38 46 52 56 58 62 65 69 71 71 71 69 65 62 58 56 52 46 38 34 28 
28 34 38 48 54 58 62 69 74 76 78 78 78 78 78 76 74 69 62 58 54 48 38 34 
28 34 38 48 54 58 62 69 74 76 78 78 78 78 78 76 74 69 62 58 54 48 38 34 
34 38 48 54 58 65 74 78 80 82 83 87 89 87 83 82 80 78 74 65 58 54 48 38 
34 38 48 54 58 65 74 78 80 82 83 87 89 87 83 82 80 78 74 65 58 54 48 38 
38 46 54 58 69 74 78 82 89 91 97 97 97 97 97 91 89 82 78 74 69 58 54 46 
38 46 54 58 69 74 78 82 89 91 97 97 97 97 97 91 89 82 78 74 69 58 54 46 
41 52 58 65 74 78 83 91 97 99 99 101 103 101 99 99 97 91 83 78 74 65 58 52 
41 52 58 65 74 78 83 91 97 99 99 101 103 101 99 99 97 91 83 78 74 65 58 52 
50 56 62 74 78 83 91 97 101 107 109 111 113 111 109 107 101 97 91 83 78 74 62 56 
50 56 62 74 78 83 91 97 101 107 109 111 113 111 109 107 101 97 91 83 78 74 62 56 
52 58 69 78 82 91 97 101 109 113 117 117 117 117 117 113 109 101 97 91 82 78 69 58 
52 58 69 78 82 91 97 101 109 113 117 117 117 117 117 113 109 101 97 91 82 78 69 58 
56 62 74 80 89 97 101 109 117 117 124 126 126 126 124 117 117 109 101 97 89 80 74 62 
56 62 74 80 89 97 101 109 117 117 124 126 126 126 124 117 117 109 101 97 89 80 74 62 
58 65 76 82 91 99 107 113 117 124 126 132 132 132 126 124 117 113 107 99 91 82 76 65 
58 65 76 82 91 99 107 113 117 124 126 132 132 132 126 124 117 113 107 99 91 82 76 65 
58 69 78 83 97 99 109 117 124 126 132 135 139 135 132 126 124 117 109 99 97 83 78 69 
58 69 78 83 97 99 109 117 124 126 132 135 139 135 132 126 124 117 109 99 97 83 78 69 
58 71 78 87 97 101 111 117 126 132 135 139 141 139 135 132 126 117 111 101 97 87 78 71 
58 71 78 87 97 101 111 117 126 132 135 139 141 139 135 132 126 117 111 101 97 87 78 71 
58 71 78 89 97 103 113 117 126 132 139 141 142 141 139 132 126 117 113 103 97 89 78 71 
58 71 78 89 97 103 113 117 126 132 139 141 142 141 139 132 126 117 113 103 97 89 78 71 
58 71 78 87 97 101 111 117 126 132 135 139 141 139 135 132 126 117 111 101 97 87 78 71 
58 71 78 87 97 101 111 117 126 132 135 139 141 139 135 132 126 117 111 101 97 87 78 71 
58 69 78 83 97 99 109 117 124 126 132 135 139 135 132 126 124 117 109 99 97 83 78 69 
58 69 78 83 97 99 109 117 124 126 132 135 139 135 132 126 124 117 109 99 97 83 78 69 
58 65 76 82 91 99 107 113 117 124 126 132 132 132 126 124 117 113 107 99 91 82 76 65 
58 65 76 82 91 99 107 113 117 124 126 132 132 132 126 124 117 113 107 99 91 82 76 65 
56 62 74 80 89 97 101 109 117 117 124 126 126 126 124 117 117 109 101 97 89 80 74 62 
56 62 74 80 89 97 101 109 117 117 124 126 126 126 124 117 117 109 101 97 89 80 74 62 
52 58 69 78 82 91 97 101 109 113 117 117 117 117 117 113 109 101 97 91 82 78 69 58 
52 58 69 78 82 91 97 101 109 113 117 117 117 117 117 113 109 101 97 91 82 78 69 58 
50 56 62 74 78 83 91 97 101 107 109 111 113 111 109 107 101 97 91 83 78 74 62 56 
50 56 62 74 78 83 91 97 101 107 109 111 113 111 109 107 101 97 91 83 78 74 62 56 
41 52 58 65 74 78 83 91 97 99 99 101 103 101 99 99 97 91 83 78 74 65 58 52 
41 52 58 65 74 78 83 91 97 99 99 101 103 101 99 99 97 91 83 78 74 65 58 52 
38 46 54 58 69 74 78 82 89 91 97 97 97 97 97 91 89 82 78 74 69 58 54 46 
38 46 54 58 69 74 78 82 89 91 97 97 97 97 97 91 89 82 78 74 69 58 54 46 
34 38 48 54 58 65 74 78 80 82 83 87 89 87 83 82 80 78 74 65 58 54 48 38 
34 38 48 54 58 65 74 78 80 82 83 87 89 87 83 82 80 78 74 65 58 54 48 38 
28 34 38 48 54 58 62 69 74 76 78 78 78 78 78 76 74 69 62 58 54 48 38 34 
28 34 38 48 54 58 62 69 74 76 78 78 78 78 78 76 74 69 62 58 54 48 38 34 
17 28 34 38 46 52 56 58 62 65 69 71 71 71 69 65 62 58 56 52 46 38 34 28 
17 28 34 38 46 52 56 58 62 65 69 71 71 71 69 65 62 58 56 52 46 38 34 28 
15 17 28 34 38 41 50 52 56 58 58 58 58 58 58 58 56 52 50 41 38 34 28 17 
15 17 28 34 38 41 50 52 56 58 58 58 58 58 58 58 56 52 50 41 38 34 28 17 
17 28 34 38 46 52 56 58 62 65 69 71 71 71 69 65 62 58 56 52 46 38 34 28 
17 28 34 38 46 52 56 58 62 65 69 71 71 71 69 65 62 58 56 52 46 38 34 28 
28 34 38 48 54 58 62 69 74 76 78 78 78 78 78 76 74 69 62 58 54 48 38 34 
28 34 38 48 54 58 62 69 74 76 78 78 78 78 78 76 74 69 62 58 54 48 38 34 
34 38 48 54 58 65 74 78 80 82 83 87 89 87 83 82 80 78 74 65 58 54 48 38 
34 38 48 54 58 65 74 78 80 82 83 87 89 87 83 82 80 78 74 65 58 54 48 38 
38 46 54 58 69 74 78 82 89 91 97 97 97 97 97 91 89 82 78 74 69 58 54 46 
38 46 54 58 69 74 78 82 89 91 97 97 97 97 97 91 89 82 78 74 69 58 54 46 
41 52 58 65 74 78 83 91 97 99 99 101 103 101 99 99 97 91 83 78 74 65 58 52 
41 52 58 65 74 78 83 91 97 99 99 101 103 101 99 99 97 91 83 78 74 65 58 52 
50 56 62 74 78 83 91 97 101 107 109 111 113 111 109 107 101 97 91 83 78 74 62 56 
50 56 62 74 78 83 91 97 101 107 109 111 113 111 109 107 101 97 91 83 78 74 62 56 
52 58 69 78 82 91 97 101 109 113 117 117 117 117 117 113 109 101 97 91 82 78 69 58 
52 58 69 78 82 91 97 101 109 113 117 117 117 117 117 113 109 101 97 91 82 78 69 58 
56 62 74 80 89 97 101 109 117 117 124 126 126 126 124 117 117 109 101 97 89 80 74 62 
56 62 74 80 89 97 101 109 117 117 124 126 126 126 124 117 117 109 101 97 89 80 74 62 
58 65 76 82 91 99 107 113 117 124 126 132 132 132 126 124 117 113 107 99 91 82 76 65 
58 65 76 82 91 99 107 113 117 124 126 132 132 132 126 124 117 113 107 99 91 82 76 65 
58 69 78 83 97 99 109 117 124 126 132 135 139 135 132 126 124 117 109 99 97 83 78 69 
58 69 78 83 97 99 109 117 124 126 132 135 139 135 132 126 124 117 109 99 97 83 78 69 
58 71 78 87 97 101 111 117 126 132 135 139 141 139 135 132 126 117 111 101 97 87 78 71 
58 71 78 87 97 101 111 117 126 132 135 139 141 139 135 132 126 117 111 101 97 87 78 71 
58 71 78 89 97 103 113 117 126 132 139 141 142 141 139 132 126 117 113 103 97 89 78 71 
58 71 78 89 97 103 113 117 126 132 139 141 142 141 139 132 126 117 113 103 97 89 78 71 
58 71 78 87 97 101 111 117 126 132 135 139 141 139 135 132 126 117 111 101 97 87 78 71 
58 71 78 87 97 101 111 117 126 132 135 139 141 139 135 132 126 117 111 101 97 87 78 71 
58 69 78 83 97 99 109 117 124 126 132 135 139 135 132 126 124 117 109 99 97 83 78 69 
58 69 78 83 97 99 109 117 124 126 132 135 139 135 132 126 124 117 109 99 97 83 78 69 
58 65 76 82 91 99 107 113 117 124 126 132 132 132 126 124 117 113 107 99 91 82 76 65 
58 65 76 82 91 99 107 113 117 124 126 132 132 132 126 124 117 113 107 99 91 82 76 65 
56 62 74 80 89 97 101 109 117 117 124 126 126 126 124 117 117 109 101 97 89 80 74 62 
56 62 74 80 89 97 101 109 117 117 124 126 126 126 124 117 117 109 101 97 89 80 74 62 
52 58 69 78 82 91 97 101 109 113 117 117 117 117 117 113 109 101 97 91 82 78 69 58 
52 58 69 78 82 91 97 101 109 113 117 117 117 117 117 113 109 101 97 91 82 78 69 58 
50 56 62 74 78 83 91 97 101 107 109 111 113 111 109 107 101 97 91 83 78 74 62 56 
50 56 62 74 78 83 91 97 101 107 109 111 113 111 109 107 101 97 91 83 78 74 62 56 
41 52 58 65 74 78 83 91 97 99 99 101 103 101 99 99 97 91 83 78 74 65 58 52 
41 52 58 65 74 78 83 91 97 99 99 101 103 101 99 99 97 91 83 78 74 65 58 52 
38 46 54 58 69 74 78 82 89 91 97 97 97 97 97 91 89 82 78 74 69 58 54 46 
38 46 54 58 69 74 78 82 89 91 97 97 97 97 97 91 89 82 78 74 69 58 54 46 
34 38 48 54 58 65 74 78 80 82 83 87 89 87 83 82 80 78 74 65 58 54 48 38 
34 38 48 54 58 65 74 78 80 82 83 87 89 87 83 82 80 78 74 65 58 54 48 38 
28 34 38 48 54 58 62 69 74 76 78 78 78 78 78 76 74 69 62 58 54 48 38 34 
28 34 38 48 54 58 62 69 74 76 78 78 78 78 78 76 74 69 62 58 54 48 38 34 
17 28 34 38 46 52 56 58 62 65 69 71 71 71 69 65 62 58 56 52 46 38 34 28 
17 28 34 38 46 52 56 58 62 65 69 71 71 71 69 65 62 58 56 52 46 38 34 28 
15 17 28 34 38 41 50 52 56 58 58 58 58 58 58 58 56 52 50 41 38 34 28 17 
15 17 28 34 38 41 50 52 56 58 58 58 58 58 58 58 56 52 50 41 38 34 28 17 
17 28 34 38 46 52 56 58 62 65 69 71 71 71 69 65 62 58 56 52 46 38 34 28 
17 28 34 38 46 52 56 58 62 65 69 71 71 71 69 65 62 58 56 52 46 38 34 28 
28 34 38 48 54 58 62 69 74 76 78 78 78 78 78 76 74 69 62 58 54 48 38 34 
28 34 38 48 54 58 62 69 74 76 78 78 78 78 78 76 74 69 62 58 54 48 38 34 
34 38 48 54 58 65 74 78 80 82 83 87 89 87 83 82 80 78 74 65 58 54 48 38 
34 38 48 54 58 65 74 78 80 82 83 87 89 87 83 82 80 78 74 65 58 54 48 38 
38 46 54 58 69 74 78 82 89 91 97 97 97 97 97 91 89 82 78 74 69 58 54 46 
38 46 54 58 69 74 78 82 89 91 97 97 97 97 97 91 89 82 78 74 69 58 54 46 
41 52 58 65 74 78 83 91 97 99 99 101 103 101 99 99 97 91 83 78 74 65 58 52 
41 52 58 65 74 78 83 91 97 99 99 101 103 101 99 99 97 91 83 78 74 65 58 52 
50 56 62 74 78 83 91 97 101 107 109 111 113 111 109 107 101 97 91 83 78 74 62 56 
50 56 62 74 78 83 91 97 101 107 109 111 113 111 109 107 101 97 91 83 78 74 62 56 
52 58 69 78 82 91 97 101 109 113 117 117 117 117 117 113 109 101 97 91 82 78 69 58 
52 58 69 78 82 91 97 101 109 113 117 117 117 117 117 113 109 101 97 91 82 78 69 58 
56 62 74 80 89 97 101 109 117 117 124 126 126 126 124 117 117 109 101 97 89 80 74 62 
56 62 74 80 89 97 101 109 117 117 124 126 126 126 124 117 117 109 101 97 89 80 74 62 
58 65 76 82 91 99 107 113 117 124 126 132 132 132 126 124 117 113 107 99 91 82 76 65 
58 65 76 82 91 99 107 113 117 124 126 132 132 132 126 124 117 113 107 99 91 82 76 65 
58 69 78 83 97 99 109 117 124 126 132 135 139 135 132 126 124 117 109 99 97 83 78 69 
58 69 78 83 97 99 109 117 124 126 132 135 139 135 132 126 124 117 109 99 97 83 78 69 
58 71 78 87 97 101 111 117 126 132 135 139 141 139 135 132 126 117 111 101 97 87 78 71 
58 71 78 87 97 101 111 117 126 132 135 139 141 139 135 132 126 117 111 101 97 87 78 71 
58 71 78 89 97 103 113 117 126 132 139 141 142 141 139 132 126 117 113 103 97 89 78 71 
58 71 78 89 97 103 113 117 126 132 139 141 142 141 139 132 126 117 113 103 97 89 78 71 
58 71 78 87 97 101 111 117 126 132 135 139 141 139 135 132 126 117 111 101 97 87 78 71 
58 71 78 87 97 101 111 117 126 132 135 139 141 139 135 132 126 117 111 101 97 87 78 71 
58 69 78 83 97 99 109 117 124 126 132 135 139 135 132 126 124 117 109 99 97 83 78 69 
58 69 78 83 97 99 109 117 124 126 132 135 139 135 132 126 124 117 109 99 97 83 78 69 
58 65 76 82 91 99 107 113 117 124 126 132 132 132 126 124 117 113 107 99 91 82 76 65 
58 65 76 82 91 99 107 113 117 124 126 132 132 132 126 124 117 113 107 99 91 82 76 65 
56 62 74 80 89 97 101 109 117 117 124 126 126 126 124 117 117 109 101 97 89 80 74 62 
56 62 74 80 89 97 101 109 117 117 124 126 126 126 124 117 117 109 101 97 89 80 74 62 
52 58 69 78 82 91 97 101 109 113 117 117 117 117 117 113 109 101 97 91 82 78 69 58 
52 58 69 78 82 91 97 101 109 113 117 117 117 117 117 113 109 101 97 91 82 78 69 58 
50 56 62 74 78 83 91 97 101 107 109 111 113 111 109 107 101 97 91 83 78 74 62 56 
50 56 62 74 78 83 91 97 101 107 109 111 113 111 109 107 101 97 91 83 78 74 62 56 
41 52 58 65 74 78 83 91 97 99 99 101 103 101 99 99 97 91 83 78 74 65 58 52 
41 52 58 65 74 78 83 91 97 99 99 101 103 101 99 99 97 91 83 78 74 65 58 52 
38 46 54 58 69 74 78 82 89 91 97 97 97 97 97 91 89 82 78 74 69 58 54 46 
38 46 54 58 69 74 78 82 89 91 97 97 97 97 97 91 89 82 78 74 69 58 54 46 
34 38 48 54 58 65 74 78 80 82 83 87 89 87 83 82 80 78 74 65 58 54 48 38 
34 38 48 54 58 65 74 78 80 82 83 87 89 87 83 82 80 78 74 65 58 54 48 38 
28 34 38 48 54 58 62 69 74 76 78 78 78 78 78 76 74 69 62 58 54 48 38 34 
28 34 38 48 54 58 62 69 74 76 78 78 78 78 78 76 74 69 62 58 54 48 38 34 
17 28 34 38 46 52 56 58 62 65 69 71 71 71 69 65 62 58 56 52 46 38 34 28 
17 28 34 38 46 52 56 58 62 65 69 71 71 71 69 65 62 58 56 52 46 38 34 28 
