225 225 225 225 225 225 225 225 225 
81 81 81 81 81 81 81 81 81 81 81 81 81 81 81 81 81 81 81 81 81 81 81 81 81 
225 225 225 225 0 0 0 0 0 0 0 0 0 225 225 225 225 
72 72 72 72 72 72 72 72 72 72 72 72 72 72 72 72 72 72 72 72 72 72 72 72 72 
225 225 0 0 0 0 0 0 0 0 0 0 0 0 0 0 0 0 0 225 225 
36 36 36 36 36 36 36 36 36 36 36 36 36 36 36 36 36 36 36 36 36 36 36 36 36 
225 225 0 0 0 0 0 0 0 0 0 0 0 0 0 0 0 0 0 0 0 0 0 225 225 
36 36 36 36 36 36 36 36 36 36 36 36 36 36 36 36 36 36 36 36 36 36 36 36 36 
225 225 0 0 0 0 0 0 0 0 0 0 0 0 0 0 0 0 0 0 0 0 0 0 0 225 225 
36 36 36 36 36 36 36 36 36 36 36 36 36 36 36 36 36 36 36 36 36 36 36 36 36 
225 225 0 0 0 0 0 0 0 0 0 0 0 0 0 0 0 0 0 0 0 0 0 0 0 0 0 225 225 
36 36 36 36 36 36 36 36 36 36 36 36 36 36 36 36 36 36 36 36 36 36 36 36 36 
225 0 0 0 0 0 0 0 0 0 0 0 0 0 0 0 0 0 0 0 0 0 0 0 0 0 0 0 225 
18 18 18 18 18 18 18 18 18 18 18 18 18 18 18 18 18 18 18 18 18 18 18 18 18 
225 225 0 0 0 0 0 0 0 0 0 0 0 0 0 0 0 0 0 0 0 0 0 0 0 0 0 0 0 225 225 
36 36 36 36 36 36 36 36 36 36 36 36 36 36 36 36 36 36 36 36 36 36 36 36 36 
225 0 0 0 0 0 0 0 0 0 0 0 0 0 0 0 0 0 0 0 0 0 0 0 0 0 0 0 0 0 225 
18 18 18 18 18 18 18 18 18 18 18 18 18 18 18 18 18 18 18 18 18 18 18 18 18 
225 0 0 0 0 0 0 0 0 0 0 0 0 0 0 0 0 0 0 0 0 0 0 0 0 0 0 0 0 0 225 
18 18 18 18 18 18 18 18 18 18 18 18 18 18 18 18 18 18 18 18 18 18 18 18 18 
225 0 0 0 0 0 0 0 0 0 0 0 0 0 0 0 0 0 0 0 0 0 0 0 0 0 0 0 0 0 225 
18 18 18 18 18 18 18 18 18 18 18 18 18 18 18 18 18 18 18 18 18 18 18 18 18 
225 225 0 0 0 0 0 0 0 0 0 0 0 0 0 0 0 0 0 0 0 0 0 0 0 0 0 0 0 225 225 
36 36 36 36 36 36 36 36 36 36 36 36 36 36 36 36 36 36 36 36 36 36 36 36 36 
225 0 0 0 0 0 0 0 0 0 0 0 0 0 0 0 0 0 0 0 0 0 0 0 0 0 0 0 225 
18 18 18 18 18 18 18 18 18 18 18 18 18 18 18 18 18 18 18 18 18 18 18 18 18 
225 225 0 0 0 0 0 0 0 0 0 0 0 0 0 0 0 0 0 0 0 0 0 0 0 0 0 225 225 
36 36 36 36 36 36 36 36 36 36 36 36 36 36 36 36 36 36 36 36 36 36 36 36 36 
225 225 0 0 0 0 0 0 0 0 0 0 0 0 0 0 0 0 0 0 0 0 0 0 0 225 225 
36 36 36 36 36 36 36 36 36 36 36 36 36 36 36 36 36 36 36 36 36 36 36 36 36 
225 225 0 0 0 0 0 0 0 0 0 0 0 0 0 0 0 0 0 0 0 0 0 225 225 
36 36 36 36 36 36 36 36 36 36 36 36 36 36 36 36 36 36 36 36 36 36 36 36 36 
225 225 0 0 0 0 0 0 0 0 0 0 0 0 0 0 0 0 0 225 225 
36 36 36 36 36 36 36 36 36 36 36 36 36 36 36 36 36 36 36 36 36 36 36 36 36 
225 225 225 225 0 0 0 0 0 0 0 0 0 225 225 225 225 
72 72 72 72 72 72 72 72 72 72 72 72 72 72 72 72 72 72 72 72 72 72 72 72 72 
225 225 225 225 225 225 225 225 225 
81 81 81 81 81 81 81 81 81 81 81 81 81 81 81 81 81 81 81 81 81 81 81 81 81 
225 225 225 225 225 
45 45 45 45 45 45 45 45 45 45 45 45 45 45 45 45 45 45 45 45 45 45 45 45 45 
225 225 225 0 0 0 225 225 225 
54 54 54 54 54 54 54 54 54 54 54 54 54 54 54 54 54 54 54 54 54 54 54 54 54 
225 225 0 0 0 0 0 0 0 225 225 
36 36 36 36 36 36 36 36 36 36 36 36 36 36 36 36 36 36 36 36 36 36 36 36 36 
225 225 0 0 0 0 0 0 0 0 0 225 225 
36 36 36 36 36 36 36 36 36 36 36 36 36 36 36 36 36 36 36 36 36 36 36 36 36 
225 0 0 0 0 0 0 0 0 0 0 0 225 
18 18 18 18 18 18 18 18 18 18 18 18 18 18 18 18 18 18 18 18 18 18 18 18 18 
225 0 0 0 0 0 0 0 0 0 0 0 0 0 225 
18 18 18 18 18 18 18 18 18 18 18 18 18 18 18 18 18 18 18 18 18 18 18 18 18 
225 0 0 0 0 0 0 0 0 0 0 0 0 0 225 
18 18 18 18 18 18 18 18 18 18 18 18 18 18 18 18 18 18 18 18 18 18 18 18 18 
225 0 0 0 0 0 0 0 0 0 0 0 0 0 0 0 225 
18 18 18 18 18 18 18 18 18 18 18 18 18 18 18 18 18 18 18 18 18 18 18 18 18 
225 0 0 0 0 0 0 0 0 0 0 0 0 0 0 0 225 
18 18 18 18 18 18 18 18 18 18 18 18 18 18 18 18 18 18 18 18 18 18 18 18 18 
225 0 0 0 0 0 0 0 0 0 0 0 0 0 0 0 225 
18 18 18 18 18 18 18 18 18 18 18 18 18 18 18 18 18 18 18 18 18 18 18 18 18 
225 0 0 0 0 0 0 0 0 0 0 0 0 0 0 0 225 
18 18 18 18 18 18 18 18 18 18 18 18 18 18 18 18 18 18 18 18 18 18 18 18 18 
225 0 0 0 0 0 0 0 0 0 0 0 0 0 0 0 0 0 225 
18 18 18 18 18 18 18 18 18 18 18 18 18 18 18 18 18 18 18 18 18 18 18 18 18 
225 0 0 0 0 0 0 0 0 0 0 0 0 0 0 0 0 0 225 
18 18 18 18 18 18 18 18 18 18 18 18 18 18 18 18 18 18 18 18 18 18 18 18 18 
225 0 0 0 0 0 0 0 0 0 0 0 0 0 0 0 0 0 225 
18 18 18 18 18 18 18 18 18 18 18 18 18 18 18 18 18 18 18 18 18 18 18 18 18 
225 0 0 0 0 0 0 0 0 0 0 0 0 0 0 0 0 0 225 
18 18 18 18 18 18 18 18 18 18 18 18 18 18 18 18 18 18 18 18 18 18 18 18 18 
225 0 0 0 0 0 0 0 0 0 0 0 0 0 0 0 0 0 225 
18 18 18 18 18 18 18 18 18 18 18 18 18 18 18 18 18 18 18 18 18 18 18 18 18 
225 0 0 0 0 0 0 0 0 0 0 0 0 0 0 0 0 0 225 
18 18 18 18 18 18 18 18 18 18 18 18 18 18 18 18 18 18 18 18 18 18 18 18 18 
225 0 0 0 0 0 0 0 0 0 0 0 0 0 0 0 0 0 225 
18 18 18 18 18 18 18 18 18 18 18 18 18 18 18 18 18 18 18 18 18 18 18 18 18 
225 0 0 0 0 0 0 0 0 0 0 0 0 0 0 0 0 0 225 
18 18 18 18 18 18 18 18 18 18 18 18 18 18 18 18 18 18 18 18 18 18 18 18 18 
225 0 0 0 0 0 0 0 0 0 0 0 0 0 0 0 0 0 225 
18 18 18 18 18 18 18 18 18 18 18 18 18 18 18 18 18 18 18 18 18 18 18 18 18 
225 0 0 0 0 0 0 0 0 0 0 0 0 0 0 0 225 
18 18 18 18 18 18 18 18 18 18 18 18 18 18 18 18 18 18 18 18 18 18 18 18 18 
225 0 0 0 0 0 0 0 0 0 0 0 0 0 0 0 225 
18 18 18 18 18 18 18 18 18 18 18 18 18 18 18 18 18 18 18 18 18 18 18 18 18 
225 0 0 0 0 0 0 0 0 0 0 0 0 0 0 0 225 
18 18 18 18 18 18 18 18 18 18 18 18 18 18 18 18 18 18 18 18 18 18 18 18 18 
225 0 0 0 0 0 0 0 0 0 0 0 0 0 0 0 225 
18 18 18 18 18 18 18 18 18 18 18 18 18 18 18 18 18 18 18 18 18 18 18 18 18 
225 0 0 0 0 0 0 0 0 0 0 0 0 0 225 
18 18 18 18 18 18 18 18 18 18 18 18 18 18 18 18 18 18 18 18 18 18 18 18 18 
225 0 0 0 0 0 0 0 0 0 0 0 0 0 225 
18 18 18 18 18 18 18 18 18 18 18 18 18 18 18 18 18 18 18 18 18 18 18 18 18 
225 0 0 0 0 0 0 0 0 0 0 0 225 
18 18 18 18 18 18 18 18 18 18 18 18 18 18 18 18 18 18 18 18 18 18 18 18 18 
225 225 0 0 0 0 0 0 0 0 0 225 225 
36 36 36 36 36 36 36 36 36 36 36 36 36 36 36 36 36 36 36 36 36 36 36 36 36 
225 225 0 0 0 0 0 0 0 225 225 
36 36 36 36 36 36 36 36 36 36 36 36 36 36 36 36 36 36 36 36 36 36 36 36 36 
225 225 225 0 0 0 225 225 225 
54 54 54 54 54 54 54 54 54 54 54 54 54 54 54 54 54 54 54 54 54 54 54 54 54 
225 225 225 225 225 
45 45 45 45 45 45 45 45 45 45 45 45 45 45 45 45 45 45 45 45 45 45 45 45 45 
81 72 36 36 36 36 18 36 18 18 18 36 18 36 36 36 36 72 81 
45 54 36 36 18 18 18 18 18 18 18 18 18 18 18 18 18 18 18 18 18 18 18 18 18 18 18 36 36 54 45 
81 72 36 36 36 36 18 36 18 18 18 36 18 36 36 36 36 72 81 
45 54 36 36 18 18 18 18 18 18 18 18 18 18 18 18 18 18 18 18 18 18 18 18 18 18 18 36 36 54 45 
81 72 36 36 36 36 18 36 18 18 18 36 18 36 36 36 36 72 81 
45 54 36 36 18 18 18 18 18 18 18 18 18 18 18 18 18 18 18 18 18 18 18 18 18 18 18 36 36 54 45 
81 72 36 36 36 36 18 36 18 18 18 36 18 36 36 36 36 72 81 
45 54 36 36 18 18 18 18 18 18 18 18 18 18 18 18 18 18 18 18 18 18 18 18 18 18 18 36 36 54 45 
81 72 36 36 36 36 18 36 18 18 18 36 18 36 36 36 36 72 81 
45 54 36 36 18 18 18 18 18 18 18 18 18 18 18 18 18 18 18 18 18 18 18 18 18 18 18 36 36 54 45 
81 72 36 36 36 36 18 36 18 18 18 36 18 36 36 36 36 72 81 
45 54 36 36 18 18 18 18 18 18 18 18 18 18 18 18 18 18 18 18 18 18 18 18 18 18 18 36 36 54 45 
81 72 36 36 36 36 18 36 18 18 18 36 18 36 36 36 36 72 81 
45 54 36 36 18 18 18 18 18 18 18 18 18 18 18 18 18 18 18 18 18 18 18 18 18 18 18 36 36 54 45 
81 72 36 36 36 36 18 36 18 18 18 36 18 36 36 36 36 72 81 
45 54 36 36 18 18 18 18 18 18 18 18 18 18 18 18 18 18 18 18 18 18 18 18 18 18 18 36 36 54 45 
81 72 36 36 36 36 18 36 18 18 18 36 18 36 36 36 36 72 81 
45 54 36 36 18 18 18 18 18 18 18 18 18 18 18 18 18 18 18 18 18 18 18 18 18 18 18 36 36 54 45 
81 72 36 36 36 36 18 36 18 18 18 36 18 36 36 36 36 72 81 
45 54 36 36 18 18 18 18 18 18 18 18 18 18 18 18 18 18 18 18 18 18 18 18 18 18 18 36 36 54 45 
81 72 36 36 36 36 18 36 18 18 18 36 18 36 36 36 36 72 81 
45 54 36 36 18 18 18 18 18 18 18 18 18 18 18 18 18 18 18 18 18 18 18 18 18 18 18 36 36 54 45 
81 72 36 36 36 36 18 36 18 18 18 36 18 36 36 36 36 72 81 
45 54 36 36 18 18 18 18 18 18 18 18 18 18 18 18 18 18 18 18 18 18 18 18 18 18 18 36 36 54 45 
81 72 36 36 36 36 18 36 18 18 18 36 18 36 36 36 36 72 81 
45 54 36 36 18 18 18 18 18 18 18 18 18 18 18 18 18 18 18 18 18 18 18 18 18 18 18 36 36 54 45 
81 72 36 36 36 36 18 36 18 18 18 36 18 36 36 36 36 72 81 
45 54 36 36 18 18 18 18 18 18 18 18 18 18 18 18 18 18 18 18 18 18 18 18 18 18 18 36 36 54 45 
81 72 36 36 36 36 18 36 18 18 18 36 18 36 36 36 36 72 81 
45 54 36 36 18 18 18 18 18 18 18 18 18 18 18 18 18 18 18 18 18 18 18 18 18 18 18 36 36 54 45 
81 72 36 36 36 36 18 36 18 18 18 36 18 36 36 36 36 72 81 
45 54 36 36 18 18 18 18 18 18 18 18 18 18 18 18 18 18 18 18 18 18 18 18 18 18 18 36 36 54 45 
81 72 36 36 36 36 18 36 18 18 18 36 18 36 36 36 36 72 81 
45 54 36 36 18 18 18 18 18 18 18 18 18 18 18 18 18 18 18 18 18 18 18 18 18 18 18 36 36 54 45 
81 72 36 36 36 36 18 36 18 18 18 36 18 36 36 36 36 72 81 
45 54 36 36 18 18 18 18 18 18 18 18 18 18 18 18 18 18 18 18 18 18 18 18 18 18 18 36 36 54 45 
81 72 36 36 36 36 18 36 18 18 18 36 18 36 36 36 36 72 81 
45 54 36 36 18 18 18 18 18 18 18 18 18 18 18 18 18 18 18 18 18 18 18 18 18 18 18 36 36 54 45 
81 72 36 36 36 36 18 36 18 18 18 36 18 36 36 36 36 72 81 
45 54 36 36 18 18 18 18 18 18 18 18 18 18 18 18 18 18 18 18 18 18 18 18 18 18 18 36 36 54 45 
81 72 36 36 36 36 18 36 18 18 18 36 18 36 36 36 36 72 81 
45 54 36 36 18 18 18 18 18 18 18 18 18 18 18 18 18 18 18 18 18 18 18 18 18 18 18 36 36 54 45 
81 72 36 36 36 36 18 36 18 18 18 36 18 36 36 36 36 72 81 
45 54 36 36 18 18 18 18 18 18 18 18 18 18 18 18 18 18 18 18 18 18 18 18 18 18 18 36 36 54 45 
81 72 36 36 36 36 18 36 18 18 18 36 18 36 36 36 36 72 81 
45 54 36 36 18 18 18 18 18 18 18 18 18 18 18 18 18 18 18 18 18 18 18 18 18 18 18 36 36 54 45 
81 72 36 36 36 36 18 36 18 18 18 36 18 36 36 36 36 72 81 
45 54 36 36 18 18 18 18 18 18 18 18 18 18 18 18 18 18 18 18 18 18 18 18 18 18 18 36 36 54 45 
81 72 36 36 36 36 18 36 18 18 18 36 18 36 36 36 36 72 81 
45 54 36 36 18 18 18 18 18 18 18 18 18 18 18 18 18 18 18 18 18 18 18 18 18 18 18 36 36 54 45 
