91 
2 2 3 3 3 4 4 4 4 4 5 5 5 5 5 4 4 4 4 4 3 3 3 2 2 
84 86 91 97 99 99 99 99 99 97 91 86 84 
26 33 39 39 46 50 52 52 57 59 61 61 61 61 61 59 57 52 52 50 46 39 39 33 26 
70 80 84 89 97 99 101 105 108 110 108 105 101 99 97 89 84 80 70 
41 49 53 60 68 70 75 81 83 85 87 90 92 90 87 85 83 81 75 70 68 60 53 49 41 
59 68 78 84 89 99 101 107 112 114 118 118 118 114 112 107 101 99 89 84 78 68 59 
51 57 66 74 80 85 95 97 101 106 108 112 112 112 108 106 101 97 95 85 80 74 66 57 51 
57 63 74 80 86 97 101 108 114 120 120 120 122 120 120 120 114 108 101 97 86 80 74 63 57 
57 63 74 80 86 97 101 108 114 120 120 120 122 120 120 120 114 108 101 97 86 80 74 63 57 
51 59 66 78 84 91 99 107 114 120 122 127 131 131 131 127 122 120 114 107 99 91 84 78 66 59 51 
61 68 80 88 95 103 111 118 124 128 133 137 137 137 133 128 124 118 111 103 95 88 80 68 61 
42 53 59 70 80 84 97 101 112 120 122 129 135 135 135 135 135 129 122 120 112 101 97 84 80 70 59 53 42 
63 74 84 90 105 109 120 128 132 139 145 145 145 145 145 139 132 128 120 109 105 90 84 74 63 
43 55 63 74 80 89 99 105 114 120 127 135 135 140 142 140 135 135 127 120 114 105 99 89 80 74 63 55 43 
67 78 84 95 107 113 122 130 137 145 145 150 154 150 145 145 137 130 122 113 107 95 84 78 67 
45 57 63 76 82 91 99 108 118 120 131 135 140 142 146 142 140 135 131 120 118 108 99 91 82 76 63 57 45 
67 80 88 97 107 116 126 130 141 145 150 154 158 154 150 145 141 130 126 116 107 97 88 80 67 
36 47 57 63 76 84 91 99 110 118 122 131 135 142 146 147 146 142 135 131 122 118 110 99 91 84 76 63 57 47 36 
67 82 92 99 109 120 130 136 145 149 158 162 163 162 158 149 145 136 130 120 109 99 92 82 67 
45 57 63 76 82 91 99 108 118 120 131 135 140 142 146 142 140 135 131 120 118 108 99 91 82 76 63 57 45 
67 80 88 97 107 116 126 130 141 145 150 154 158 154 150 145 141 130 126 116 107 97 88 80 67 
43 55 63 74 80 89 99 105 114 120 127 135 135 140 142 140 135 135 127 120 114 105 99 89 80 74 63 55 43 
67 78 84 95 107 113 122 130 137 145 145 150 154 150 145 145 137 130 122 113 107 95 84 78 67 
42 53 59 70 80 84 97 101 112 120 122 129 135 135 135 135 135 129 122 120 112 101 97 84 80 70 59 53 42 
63 74 84 90 105 109 120 128 132 139 145 145 145 145 145 139 132 128 120 109 105 90 84 74 63 
51 59 66 78 84 91 99 107 114 120 122 127 131 131 131 127 122 120 114 107 99 91 84 78 66 59 51 
61 68 80 88 95 103 111 118 124 128 133 137 137 137 133 128 124 118 111 103 95 88 80 68 61 
57 63 74 80 86 97 101 108 114 120 120 120 122 120 120 120 114 108 101 97 86 80 74 63 57 
57 63 74 80 86 97 101 108 114 120 120 120 122 120 120 120 114 108 101 97 86 80 74 63 57 
59 68 78 84 89 99 101 107 112 114 118 118 118 114 112 107 101 99 89 84 78 68 59 
51 57 66 74 80 85 95 97 101 106 108 112 112 112 108 106 101 97 95 85 80 74 66 57 51 
70 80 84 89 97 99 101 105 108 110 108 105 101 99 97 89 84 80 70 
41 49 53 60 68 70 75 81 83 85 87 90 92 90 87 85 83 81 75 70 68 60 53 49 41 
84 86 91 97 99 99 99 99 99 97 91 86 84 
26 33 39 39 46 50 52 52 57 59 61 61 61 61 61 59 57 52 52 50 46 39 39 33 26 
91 
2 2 3 3 3 4 4 4 4 4 5 5 5 5 5 4 4 4 4 4 3 3 3 2 2 
36 
1 1 1 1 1 2 2 2 2 2 2 2 2 2 2 2 2 2 1 1 1 1 1 
42 43 45 47 45 43 42 
7 7 7 7 14 14 14 14 14 14 15 17 19 17 15 14 14 14 14 14 14 7 7 7 7 
51 53 55 57 57 57 55 53 51 
9 9 12 18 18 18 18 23 25 27 27 27 27 27 27 27 25 23 18 18 18 18 12 9 9 
57 59 59 63 63 63 63 63 59 59 57 
11 16 22 22 22 27 31 33 33 33 33 33 33 33 33 33 33 33 31 27 22 22 22 16 11 
59 63 66 70 74 76 76 76 74 70 66 63 59 
18 24 26 26 33 37 39 39 42 44 46 48 48 48 46 44 42 39 39 37 33 26 26 24 18 
68 74 78 80 80 82 84 82 80 80 78 74 68 
24 26 27 35 39 39 42 46 48 50 50 52 52 52 50 50 48 46 42 39 39 35 27 26 24 
70 78 80 84 84 89 91 91 91 89 84 84 80 78 70 
28 30 39 43 45 50 54 56 58 58 63 65 65 65 63 58 58 56 54 50 45 43 39 30 28 
80 84 86 91 97 99 99 99 99 99 97 91 86 84 80 
30 37 43 45 52 56 58 60 65 67 69 69 69 69 69 67 65 60 58 56 52 45 43 37 30 
84 89 97 99 101 105 108 110 108 105 101 99 97 89 84 
35 41 45 50 56 58 63 67 69 71 71 74 76 74 71 71 69 67 63 58 56 50 45 41 35 
84 89 99 101 107 112 114 118 118 118 114 112 107 101 99 89 84 
43 47 54 60 64 69 77 79 81 86 88 90 90 90 88 86 81 79 77 69 64 60 54 47 43 
86 97 101 108 114 120 120 120 122 120 120 120 114 108 101 97 86 
45 49 58 62 66 75 79 82 88 92 92 92 94 92 92 92 88 82 79 75 66 62 58 49 45 
91 99 107 114 120 122 127 131 131 131 127 122 120 114 107 99 91 
47 52 60 64 71 77 81 88 92 94 99 101 101 101 99 94 92 88 81 77 71 64 60 52 47 
97 101 112 120 122 129 135 135 135 135 135 129 122 120 112 101 97 
47 56 62 64 75 79 86 92 94 101 105 105 105 105 105 101 94 92 86 79 75 64 62 56 47 
99 105 114 120 127 135 135 140 142 140 135 135 127 120 114 105 99 
49 58 62 69 77 79 88 92 99 105 105 108 110 108 105 105 99 92 88 79 77 69 62 58 49 
99 108 118 120 131 135 140 142 146 142 140 135 131 120 118 108 99 
49 60 64 71 77 82 90 92 101 105 108 110 114 110 108 105 101 92 90 82 77 71 64 60 49 
91 99 110 118 122 131 135 142 146 147 146 142 135 131 122 118 110 99 91 
53 64 70 77 83 92 98 102 109 113 120 124 125 124 120 113 109 102 98 92 83 77 70 64 53 
99 108 118 120 131 135 140 142 146 142 140 135 131 120 118 108 99 
49 60 64 71 77 82 90 92 101 105 108 110 114 110 108 105 101 92 90 82 77 71 64 60 49 
99 105 114 120 127 135 135 140 142 140 135 135 127 120 114 105 99 
49 58 62 69 77 79 88 92 99 105 105 108 110 108 105 105 99 92 88 79 77 69 62 58 49 
97 101 112 120 122 129 135 135 135 135 135 129 122 120 112 101 97 
47 56 62 64 75 79 86 92 94 101 105 105 105 105 105 101 94 92 86 79 75 64 62 56 47 
91 99 107 114 120 122 127 131 131 131 127 122 120 114 107 99 91 
47 52 60 64 71 77 81 88 92 94 99 101 101 101 99 94 92 88 81 77 71 64 60 52 47 
86 97 101 108 114 120 120 120 122 120 120 120 114 108 101 97 86 
45 49 58 62 66 75 79 82 88 92 92 92 94 92 92 92 88 82 79 75 66 62 58 49 45 
84 89 99 101 107 112 114 118 118 118 114 112 107 101 99 89 84 
43 47 54 60 64 69 77 79 81 86 88 90 90 90 88 86 81 79 77 69 64 60 54 47 43 
84 89 97 99 101 105 108 110 108 105 101 99 97 89 84 
35 41 45 50 56 58 63 67 69 71 71 74 76 74 71 71 69 67 63 58 56 50 45 41 35 
80 84 86 91 97 99 99 99 99 99 97 91 86 84 80 
30 37 43 45 52 56 58 60 65 67 69 69 69 69 69 67 65 60 58 56 52 45 43 37 30 
70 78 80 84 84 89 91 91 91 89 84 84 80 78 70 
28 30 39 43 45 50 54 56 58 58 63 65 65 65 63 58 58 56 54 50 45 43 39 30 28 
68 74 78 80 80 82 84 82 80 80 78 74 68 
24 26 27 35 39 39 42 46 48 50 50 52 52 52 50 50 48 46 42 39 39 35 27 26 24 
59 63 66 70 74 76 76 76 74 70 66 63 59 
18 24 26 26 33 37 39 39 42 44 46 48 48 48 46 44 42 39 39 37 33 26 26 24 18 
57 59 59 63 63 63 63 63 59 59 57 
11 16 22 22 22 27 31 33 33 33 33 33 33 33 33 33 33 33 31 27 22 22 22 16 11 
51 53 55 57 57 57 55 53 51 
9 9 12 18 18 18 18 23 25 27 27 27 27 27 27 27 25 23 18 18 18 18 12 9 9 
42 43 45 47 45 43 42 
7 7 7 7 14 14 14 14 14 14 15 17 19 17 15 14 14 14 14 14 14 7 7 7 7 
36 
1 1 1 1 1 2 2 2 2 2 2 2 2 2 2 2 2 2 1 1 1 1 1 
2 26 41 51 57 61 63 67 67 67 67 67 63 61 57 51 41 26 2 
7 9 11 18 24 28 30 35 43 45 47 47 49 49 53 49 49 47 47 45 43 35 30 28 24 18 11 9 7 
2 33 49 57 63 68 74 78 80 82 80 78 74 68 63 57 49 33 2 
1 7 9 16 24 26 30 37 41 47 49 52 56 58 60 64 60 58 56 52 49 47 41 37 30 26 24 16 9 7 1 
3 39 53 66 74 80 84 84 88 92 88 84 84 80 74 66 53 39 3 
1 7 12 22 26 27 39 43 45 54 58 60 62 62 64 70 64 62 62 60 58 54 45 43 39 27 26 22 12 7 1 
3 39 60 74 80 88 90 95 97 99 97 95 90 88 80 74 60 39 3 
1 7 18 22 26 35 43 45 50 60 62 64 64 69 71 77 71 69 64 64 62 60 50 45 43 35 26 22 18 7 1 
3 46 68 80 86 95 105 107 107 109 107 107 105 95 86 80 68 46 3 
1 14 18 22 33 39 45 52 56 64 66 71 75 77 77 83 77 77 75 71 66 64 56 52 45 39 33 22 18 14 1 
4 50 70 85 97 103 109 113 116 120 116 113 109 103 97 85 70 50 4 
1 14 18 27 37 39 50 56 58 69 75 77 79 79 82 92 82 79 79 77 75 69 58 56 50 39 37 27 18 14 1 
4 52 75 95 101 111 120 122 126 130 126 122 120 111 101 95 75 52 4 
2 14 18 31 39 42 54 58 63 77 79 81 86 88 90 98 90 88 86 81 79 77 63 58 54 42 39 31 18 14 2 
4 52 81 97 108 118 128 130 130 136 130 130 128 118 108 97 81 52 4 
2 14 23 33 39 46 56 60 67 79 82 88 92 92 92 102 92 92 92 88 82 79 67 60 56 46 39 33 23 14 2 
4 57 83 101 114 124 132 137 141 145 141 137 132 124 114 101 83 57 4 
2 14 25 33 42 48 58 65 69 81 88 92 94 99 101 109 101 99 94 92 88 81 69 65 58 48 42 33 25 14 2 
4 59 85 106 120 128 139 145 145 149 145 145 139 128 120 106 85 59 4 
2 14 27 33 44 50 58 67 71 86 92 94 101 105 105 113 105 105 101 94 92 86 71 67 58 50 44 33 27 14 2 
5 61 87 108 120 133 145 145 150 158 150 145 145 133 120 108 87 61 5 
2 15 27 33 46 50 63 69 71 88 92 99 105 105 108 120 108 105 105 99 92 88 71 69 63 50 46 33 27 15 2 
5 61 90 112 120 137 145 150 154 162 154 150 145 137 120 112 90 61 5 
2 17 27 33 48 52 65 69 74 90 92 101 105 108 110 124 110 108 105 101 92 90 74 69 65 52 48 33 27 17 2 
5 61 92 112 122 137 145 154 158 163 158 154 145 137 122 112 92 61 5 
2 19 27 33 48 52 65 69 76 90 94 101 105 110 114 125 114 110 105 101 94 90 76 69 65 52 48 33 27 19 2 
5 61 90 112 120 137 145 150 154 162 154 150 145 137 120 112 90 61 5 
2 17 27 33 48 52 65 69 74 90 92 101 105 108 110 124 110 108 105 101 92 90 74 69 65 52 48 33 27 17 2 
5 61 87 108 120 133 145 145 150 158 150 145 145 133 120 108 87 61 5 
2 15 27 33 46 50 63 69 71 88 92 99 105 105 108 120 108 105 105 99 92 88 71 69 63 50 46 33 27 15 2 
4 59 85 106 120 128 139 145 145 149 145 145 139 128 120 106 85 59 4 
2 14 27 33 44 50 58 67 71 86 92 94 101 105 105 113 105 105 101 94 92 86 71 67 58 50 44 33 27 14 2 
4 57 83 101 114 124 132 137 141 145 141 137 132 124 114 101 83 57 4 
2 14 25 33 42 48 58 65 69 81 88 92 94 99 101 109 101 99 94 92 88 81 69 65 58 48 42 33 25 14 2 
4 52 81 97 108 118 128 130 130 136 130 130 128 118 108 97 81 52 4 
2 14 23 33 39 46 56 60 67 79 82 88 92 92 92 102 92 92 92 88 82 79 67 60 56 46 39 33 23 14 2 
4 52 75 95 101 111 120 122 126 130 126 122 120 111 101 95 75 52 4 
2 14 18 31 39 42 54 58 63 77 79 81 86 88 90 98 90 88 86 81 79 77 63 58 54 42 39 31 18 14 2 
4 50 70 85 97 103 109 113 116 120 116 113 109 103 97 85 70 50 4 
1 14 18 27 37 39 50 56 58 69 75 77 79 79 82 92 82 79 79 77 75 69 58 56 50 39 37 27 18 14 1 
3 46 68 80 86 95 105 107 107 109 107 107 105 95 86 80 68 46 3 
1 14 18 22 33 39 45 52 56 64 66 71 75 77 77 83 77 77 75 71 66 64 56 52 45 39 33 22 18 14 1 
3 39 60 74 80 88 90 95 97 99 97 95 90 88 80 74 60 39 3 
1 7 18 22 26 35 43 45 50 60 62 64 64 69 71 77 71 69 64 64 62 60 50 45 43 35 26 22 18 7 1 
3 39 53 66 74 80 84 84 88 92 88 84 84 80 74 66 53 39 3 
1 7 12 22 26 27 39 43 45 54 58 60 62 62 64 70 64 62 62 60 58 54 45 43 39 27 26 22 12 7 1 
2 33 49 57 63 68 74 78 80 82 80 78 74 68 63 57 49 33 2 
1 7 9 16 24 26 30 37 41 47 49 52 56 58 60 64 60 58 56 52 49 47 41 37 30 26 24 16 9 7 1 
2 26 41 51 57 61 63 67 67 67 67 67 63 61 57 51 41 26 2 
7 9 11 18 24 28 30 35 43 45 47 47 49 49 53 49 49 47 47 45 43 35 30 28 24 18 11 9 7 
