5 
5 
35 55 63 73 76 76 76 73 63 55 35 
20 33 45 45 55 55 58 58 58 55 55 45 45 33 20 
41 61 79 89 94 106 106 106 106 106 94 89 79 61 41 
20 36 44 49 61 63 73 78 82 82 82 82 82 78 73 63 61 49 44 36 20 
28 55 77 87 98 112 114 120 124 124 124 120 114 112 98 87 77 55 28 
15 27 42 52 63 69 79 84 90 100 100 104 104 104 100 100 90 84 79 69 63 52 42 27 15 
28 52 73 91 101 118 120 130 135 137 137 137 135 130 120 118 101 91 73 52 28 
21 33 44 56 58 73 79 89 98 100 112 115 117 117 117 115 112 100 98 89 79 73 58 56 44 33 21 
20 50 69 89 99 112 126 130 141 145 149 149 149 145 141 130 126 112 99 89 69 50 20 
17 33 39 52 62 69 83 87 100 108 112 117 129 131 131 131 129 117 112 108 100 87 83 69 62 52 39 33 17 
36 58 77 95 107 122 126 139 145 153 156 158 156 153 145 139 126 122 107 95 77 58 36 
10 23 37 45 60 64 77 83 95 106 108 123 129 131 134 136 134 131 129 123 108 106 95 83 77 64 60 45 37 23 10 
48 64 85 97 110 124 134 141 153 156 160 162 160 156 153 141 134 124 110 97 85 64 48 
14 29 39 45 60 70 79 91 98 112 118 125 131 134 138 140 138 134 131 125 118 112 98 91 79 70 60 45 39 29 14 
3 48 64 85 97 110 124 134 145 153 158 162 167 162 158 153 145 134 124 110 97 85 64 48 3 
2 18 29 39 45 60 70 79 91 98 112 118 125 131 136 140 147 140 136 131 125 118 112 98 91 79 70 60 45 39 29 18 2 
48 64 85 97 110 124 134 141 153 156 160 162 160 156 153 141 134 124 110 97 85 64 48 
14 29 39 45 60 70 79 91 98 112 118 125 131 134 138 140 138 134 131 125 118 112 98 91 79 70 60 45 39 29 14 
36 58 77 95 107 122 126 139 145 153 156 158 156 153 145 139 126 122 107 95 77 58 36 
10 23 37 45 60 64 77 83 95 106 108 123 129 131 134 136 134 131 129 123 108 106 95 83 77 64 60 45 37 23 10 
20 50 69 89 99 112 126 130 141 145 149 149 149 145 141 130 126 112 99 89 69 50 20 
17 33 39 52 62 69 83 87 100 108 112 117 129 131 131 131 129 117 112 108 100 87 83 69 62 52 39 33 17 
28 52 73 91 101 118 120 130 135 137 137 137 135 130 120 118 101 91 73 52 28 
21 33 44 56 58 73 79 89 98 100 112 115 117 117 117 115 112 100 98 89 79 73 58 56 44 33 21 
28 55 77 87 98 112 114 120 124 124 124 120 114 112 98 87 77 55 28 
15 27 42 52 63 69 79 84 90 100 100 104 104 104 100 100 90 84 79 69 63 52 42 27 15 
41 61 79 89 94 106 106 106 106 106 94 89 79 61 41 
20 36 44 49 61 63 73 78 82 82 82 82 82 78 73 63 61 49 44 36 20 
35 55 63 73 76 76 76 73 63 55 35 
20 33 45 45 55 55 58 58 58 55 55 45 45 33 20 
5 
5 
3 
3 
20 36 48 48 48 36 20 
9 9 20 20 28 28 28 28 28 20 20 9 9 
28 50 58 64 64 64 58 50 28 
9 15 26 28 28 36 36 36 36 36 36 36 28 28 26 15 9 
28 52 69 77 85 85 85 77 69 52 28 
9 15 21 28 36 36 36 47 49 51 51 51 49 47 36 36 36 28 21 15 9 
55 73 89 95 97 97 97 95 89 73 55 
15 21 21 34 36 44 47 51 53 53 55 55 55 53 53 51 47 44 36 34 21 21 15 
41 77 91 99 107 110 110 110 107 99 91 77 41 
15 21 27 34 44 44 49 53 63 63 65 68 68 68 65 63 63 53 49 44 44 34 27 21 15 
61 87 101 112 122 124 124 124 122 112 101 87 61 
13 21 27 32 44 44 49 61 63 65 70 72 72 72 72 72 70 65 63 61 49 44 44 32 27 21 13 
35 79 98 118 126 126 134 134 134 126 126 118 98 79 35 
6 21 27 27 42 44 55 61 63 68 72 84 84 86 86 86 84 84 72 68 63 61 55 44 42 27 27 21 6 
55 89 112 120 130 139 141 145 141 139 130 120 112 89 55 
2 10 21 27 38 44 52 59 63 65 82 84 86 89 91 91 91 89 86 84 82 65 63 59 52 44 38 27 21 10 2 
63 94 114 130 141 145 153 153 153 145 141 130 114 94 63 
6 17 27 27 40 44 55 61 63 78 84 86 91 95 95 95 95 95 91 86 84 78 63 61 55 44 40 27 27 17 6 
73 106 120 135 145 153 156 158 156 153 145 135 120 106 73 
10 19 27 33 42 52 57 61 73 82 84 89 95 95 98 100 98 95 95 89 84 82 73 61 57 52 42 33 27 19 10 
76 106 124 137 149 156 160 162 160 156 149 137 124 106 76 
10 21 27 33 42 52 59 63 76 82 86 91 95 98 102 104 102 98 95 91 86 82 76 63 59 52 42 33 27 21 10 
5 76 106 124 137 149 158 162 167 162 158 149 137 124 106 76 5 
2 10 21 27 33 42 52 59 63 76 82 86 91 95 100 104 115 104 100 95 91 86 82 76 63 59 52 42 33 27 21 10 2 
76 106 124 137 149 156 160 162 160 156 149 137 124 106 76 
10 21 27 33 42 52 59 63 76 82 86 91 95 98 102 104 102 98 95 91 86 82 76 63 59 52 42 33 27 21 10 
73 106 120 135 145 153 156 158 156 153 145 135 120 106 73 
10 19 27 33 42 52 57 61 73 82 84 89 95 95 98 100 98 95 95 89 84 82 73 61 57 52 42 33 27 19 10 
63 94 114 130 141 145 153 153 153 145 141 130 114 94 63 
6 17 27 27 40 44 55 61 63 78 84 86 91 95 95 95 95 95 91 86 84 78 63 61 55 44 40 27 27 17 6 
55 89 112 120 130 139 141 145 141 139 130 120 112 89 55 
2 10 21 27 38 44 52 59 63 65 82 84 86 89 91 91 91 89 86 84 82 65 63 59 52 44 38 27 21 10 2 
35 79 98 118 126 126 134 134 134 126 126 118 98 79 35 
6 21 27 27 42 44 55 61 63 68 72 84 84 86 86 86 84 84 72 68 63 61 55 44 42 27 27 21 6 
61 87 101 112 122 124 124 124 122 112 101 87 61 
13 21 27 32 44 44 49 61 63 65 70 72 72 72 72 72 70 65 63 61 49 44 44 32 27 21 13 
41 77 91 99 107 110 110 110 107 99 91 77 41 
15 21 27 34 44 44 49 53 63 63 65 68 68 68 65 63 63 53 49 44 44 34 27 21 15 
55 73 89 95 97 97 97 95 89 73 55 
15 21 21 34 36 44 47 51 53 53 55 55 55 53 53 51 47 44 36 34 21 21 15 
28 52 69 77 85 85 85 77 69 52 28 
9 15 21 28 36 36 36 47 49 51 51 51 49 47 36 36 36 28 21 15 9 
28 50 58 64 64 64 58 50 28 
9 15 26 28 28 36 36 36 36 36 36 36 28 28 26 15 9 
20 36 48 48 48 36 20 
9 9 20 20 28 28 28 28 28 20 20 9 9 
3 
3 
2 
2 
10 14 18 14 10 
2 6 10 10 10 10 10 6 2 
17 23 29 29 29 23 17 
6 10 17 19 21 21 21 19 17 10 6 
21 33 37 39 39 39 37 33 21 
13 21 21 27 27 27 27 27 27 27 21 21 13 
15 33 39 45 45 45 45 45 39 33 15 
15 21 27 27 27 33 33 33 33 33 27 27 27 21 15 
27 44 52 60 60 60 60 60 52 44 27 
15 21 27 27 38 40 42 42 42 42 42 40 38 27 27 21 15 
20 42 56 62 64 70 70 70 64 62 56 42 20 
9 21 27 32 42 44 44 52 52 52 52 52 44 44 42 32 27 21 9 
36 52 58 69 77 79 79 79 77 69 58 52 36 
15 21 34 44 44 52 55 57 59 59 59 57 55 52 44 44 34 21 15 
44 63 73 83 83 91 91 91 83 83 73 63 44 
9 21 34 44 44 55 59 61 61 63 63 63 61 61 59 55 44 44 34 21 9 
20 49 69 79 87 95 98 98 98 95 87 79 69 49 20 
15 28 36 44 49 61 63 63 73 76 76 76 73 63 63 61 49 44 36 28 15 
33 61 79 89 100 106 112 112 112 106 100 89 79 61 33 
9 26 36 44 49 61 63 65 78 82 82 82 82 82 78 65 63 61 49 44 36 26 9 
45 63 84 98 108 108 118 118 118 108 108 98 84 63 45 
9 28 36 47 53 63 68 82 84 84 86 86 86 84 84 82 68 63 53 47 36 28 9 
45 73 90 100 112 123 125 125 125 123 112 100 90 73 45 
20 28 36 51 63 65 72 84 86 89 91 91 91 89 86 84 72 65 63 51 36 28 20 
55 78 100 112 117 129 131 131 131 129 117 112 100 78 55 
20 36 47 53 63 70 84 86 91 95 95 95 95 95 91 86 84 70 63 53 47 36 20 
55 82 100 115 129 131 134 136 134 131 129 115 100 82 55 
28 36 49 53 65 72 84 89 95 95 98 100 98 95 95 89 84 72 65 53 49 36 28 
58 82 104 117 131 134 138 140 138 134 131 117 104 82 58 
28 36 51 55 68 72 86 91 95 98 102 104 102 98 95 91 86 72 68 55 51 36 28 
5 58 82 104 117 131 136 140 147 140 136 131 117 104 82 58 5 
3 28 36 51 55 68 72 86 91 95 100 104 115 104 100 95 91 86 72 68 55 51 36 28 3 
58 82 104 117 131 134 138 140 138 134 131 117 104 82 58 
28 36 51 55 68 72 86 91 95 98 102 104 102 98 95 91 86 72 68 55 51 36 28 
55 82 100 115 129 131 134 136 134 131 129 115 100 82 55 
28 36 49 53 65 72 84 89 95 95 98 100 98 95 95 89 84 72 65 53 49 36 28 
55 78 100 112 117 129 131 131 131 129 117 112 100 78 55 
20 36 47 53 63 70 84 86 91 95 95 95 95 95 91 86 84 70 63 53 47 36 20 
45 73 90 100 112 123 125 125 125 123 112 100 90 73 45 
20 28 36 51 63 65 72 84 86 89 91 91 91 89 86 84 72 65 63 51 36 28 20 
45 63 84 98 108 108 118 118 118 108 108 98 84 63 45 
9 28 36 47 53 63 68 82 84 84 86 86 86 84 84 82 68 63 53 47 36 28 9 
33 61 79 89 100 106 112 112 112 106 100 89 79 61 33 
9 26 36 44 49 61 63 65 78 82 82 82 82 82 78 65 63 61 49 44 36 26 9 
20 49 69 79 87 95 98 98 98 95 87 79 69 49 20 
15 28 36 44 49 61 63 63 73 76 76 76 73 63 63 61 49 44 36 28 15 
44 63 73 83 83 91 91 91 83 83 73 63 44 
9 21 34 44 44 55 59 61 61 63 63 63 61 61 59 55 44 44 34 21 9 
36 52 58 69 77 79 79 79 77 69 58 52 36 
15 21 34 44 44 52 55 57 59 59 59 57 55 52 44 44 34 21 15 
20 42 56 62 64 70 70 70 64 62 56 42 20 
9 21 27 32 42 44 44 52 52 52 52 52 44 44 42 32 27 21 9 
27 44 52 60 60 60 60 60 52 44 27 
15 21 27 27 38 40 42 42 42 42 42 40 38 27 27 21 15 
15 33 39 45 45 45 45 45 39 33 15 
15 21 27 27 27 33 33 33 33 33 27 27 27 21 15 
21 33 37 39 39 39 37 33 21 
13 21 21 27 27 27 27 27 27 27 21 21 13 
17 23 29 29 29 23 17 
6 10 17 19 21 21 21 19 17 10 6 
10 14 18 14 10 
2 6 10 10 10 10 10 6 2 
2 
2 
