0 0
0 0
0 0
0 0
0 0
0 0
0 0
0 0
0 0
0 0
0 0
0 0
0 0
0 0
0 0
0 0
1 1
11 13
15 17
17 21
19 23
21 25
23 27
23 27
23 27
25 29
23 27
23 27
23 27
21 25
19 23
17 21
15 17
11 13
1 1
0 0
0 0
0 0
0 0
0 0
0 0
0 0
0 0
0 0
0 0
0 0
0 0
0 0
0 0
0 0
0 0
0 0
0 0
0 0
0 0
0 0
0 0
0 0
0 0
0 0
0 0
0 0
0 0
1 1
7 11
9 15
11 19
13 21
15 23
15 25
17 25
17 27
17 27
17 27
17 27
19 29
17 27
17 27
17 27
17 27
17 25
15 25
15 23
13 21
11 19
9 15
7 11
1 1
0 0
0 0
0 0
0 0
0 0
0 0
0 0
0 0
0 0
0 0
0 0
0 0
0 0
0 0
0 0
0 0
0 0
0 0
0 0
0 0
0 0
0 0
0 0
1 1
7 9
9 13
11 15
13 17
13 19
15 19
15 21
17 21
17 23
17 23
17 23
17 23
17 23
19 25
17 23
17 23
17 23
17 23
17 23
17 21
15 21
15 19
13 19
13 17
11 15
9 13
7 9
1 1
0 0
0 0
0 0
0 0
0 0
0 0
0 0
0 0
0 0
0 0
0 0
0 0
0 0
0 0
0 0
0 0
0 0
0 0
0 0
0 0
0 0
0 0
0 0
0 0
0 0
0 0
0 0
1 1
11 15
15 21
19 25
21 27
23 29
23 31
23 31
25 33
23 31
23 31
23 29
21 27
19 25
15 21
11 15
1 1
0 0
0 0
0 0
0 0
0 0
0 0
0 0
0 0
0 0
0 0
0 0
0 0
0 0
0 0
0 0
0 0
0 0
0 0
0 0
0 0
0 0
0 0
0 0
0 0
0 0
0 0
0 0
0 0
0 0
1 1
7 13
9 17
11 21
11 23
13 25
13 27
15 29
15 31
15 31
15 31
15 31
17 33
15 31
15 31
15 31
15 31
15 29
13 27
13 25
11 23
11 21
9 17
7 13
1 1
0 0
0 0
0 0
0 0
0 0
0 0
0 0
0 0
0 0
0 0
0 0
0 0
0 0
0 0
0 0
0 0
0 0
0 0
0 0
0 0
0 0
1 1
5 9
7 11
9 13
11 15
11 17
13 19
13 19
13 21
15 21
15 23
15 23
15 23
15 23
15 23
15 23
17 25
15 23
15 23
15 23
15 23
15 23
15 23
15 21
13 21
13 19
13 19
11 17
11 15
9 13
7 11
5 9
1 1
0 0
0 0
0 0
0 0
0 0
0 0
0 0
0 0
0 0
0 0
0 0
0 0
0 0
0 0
0 0
0 0
0 0
0 0
0 0
0 0
0 0
19 15
20 15
21 16
21 16
22 17
23 17
23 18
24 18
24 19
24 18
24 19
24 18
24 19
24 18
24 19
24 18
24 19
24 18
24 19
24 18
23 18
23 17
22 17
21 16
0 0
0 0
0 0
0 0
0 0
0 0
0 0
0 0
0 0
0 0
0 0
0 0
0 0
0 0
0 0
0 0
0 0
0 0
0 0
0 0
0 0
0 0
0 0
0 0
0 0
0 0
17 9
19 10
20 10
22 11
23 12
24 13
24 12
24 12
24 13
24 13
24 12
24 12
24 13
24 13
24 12
24 12
24 13
24 13
24 12
24 12
24 13
23 12
22 11
20 10
0 0
0 0
0 0
0 0
0 0
0 0
0 0
0 0
0 0
0 0
0 0
0 0
0 0
0 0
0 0
0 0
0 0
0 0
0 0
0 0
0 0
0 0
0 0
0 0
0 0
0 0
6 4
8 5
10 7
12 8
14 9
16 11
18 12
20 13
22 15
24 16
24 16
24 17
24 17
24 16
24 17
24 17
23 15
21 14
19 13
17 11
15 10
13 9
11 7
9 6
0 0
0 0
0 0
0 0
0 0
0 0
0 0
0 0
0 0
0 0
0 0
0 0
0 0
0 0
21 21
23 23
21 21
20 20
23 23
23 23
0 0
24 24
21 21
24 24
16 16
25 25
23 23
23 23
23 23
23 23
21 21
21 21
21 21
21 21
19 19
19 19
19 19
17 17
17 17
17 17
15 15
15 15
15 15
13 13
13 13
11 11
11 11
9 9
9 9
7 7
5 5
0 0
0 0
0 0
0 0
0 0
0 0
0 0
0 0
0 0
0 0
0 0
0 0
0 0
0 0
0 0
0 0
0 0
0 0
0 0
0 0
0 0
0 0
0 0
0 0
0 0
12 17
15 19
18 21
22 23
26 24
26 24
26 24
26 24
26 24
26 24
26 24
26 24
26 25
26 24
26 24
26 24
26 24
26 24
26 24
26 24
26 24
22 23
18 21
15 19
1 1
0 0
0 0
0 0
0 0
0 0
0 0
0 0
0 0
0 0
0 0
0 0
0 0
0 0
0 0
0 0
0 0
0 0
0 0
0 0
0 0
0 0
0 0
0 0
0 0
0 0
12 17
15 19
18 21
22 23
26 24
26 24
26 24
26 24
26 24
26 24
26 24
26 24
26 25
26 24
26 24
26 24
26 24
26 24
26 24
26 24
26 24
22 23
18 21
15 19
1 1
0 0
0 0
0 0
0 0
0 0
0 0
0 0
0 0
0 0
0 0
0 0
0 0
0 0
0 0
0 0
0 0
0 0
0 0
0 0
0 0
0 0
0 0
0 0
0 0
25 25
23 23
23 23
23 23
21 21
21 21
21 21
21 21
19 19
19 19
19 19
17 17
17 17
17 17
15 15
15 15
15 15
13 13
13 13
11 11
11 11
9 9
9 9
7 7
5 5
1 1
0 0
0 0
0 0
0 0
0 0
0 0
0 0
0 0
0 0
0 0
0 0
0 0
0 0
0 0
0 0
0 0
0 0
0 0
0 0
0 0
0 0
0 0
0 0
0 0
0 0
1 5
4 11
8 15
11 17
14 19
17 21
19 21
21 23
23 23
24 23
25 25
25 25
26 25
25 25
25 25
24 23
23 23
21 23
19 21
17 21
14 19
11 17
8 15
4 11
1 5
0 0
0 0
0 0
0 0
0 0
0 0
0 0
0 0
0 0
0 0
0 0
0 0
0 0
0 0
0 0
0 0
0 0
0 0
0 0
0 0
0 0
0 0
0 0
0 0
0 0
1 5
4 11
8 15
11 17
14 19
17 21
19 21
21 23
23 23
24 23
25 25
25 25
26 25
25 25
25 25
24 23
23 23
21 23
19 21
17 21
14 19
11 17
8 15
4 11
1 5
0 0
0 0
0 0
0 0
0 0
0 0
0 0
0 0
0 0
0 0
0 0
0 0
0 0
0 0
0 0
0 0
0 0
0 0
0 0
0 0
0 0
0 0
0 0
0 0
0 0
24 24
24 24
24 24
24 24
24 24
24 24
24 24
24 24
24 24
24 24
24 24
24 24
24 24
24 24
24 24
24 24
24 24
24 24
24 24
24 24
24 24
24 24
24 24
24 24
0 0
0 0
0 0
0 0
0 0
0 0
0 0
0 0
0 0
0 0
0 0
0 0
0 0
0 0
0 0
0 0
0 0
0 0
0 0
0 0
0 0
0 0
0 0
0 0
0 0
0 0
24 24
24 24
24 24
24 24
24 24
24 24
24 24
24 24
24 24
24 24
24 24
24 24
24 24
24 24
24 24
24 24
24 24
24 24
24 24
24 24
24 24
24 24
24 24
24 24
0 0
0 0
0 0
0 0
0 0
0 0
0 0
0 0
0 0
0 0
0 0
0 0
0 0
0 0
0 0
0 0
0 0
0 0
0 0
0 0
0 0
0 0
0 0
0 0
0 0
0 0
24 24
24 24
24 24
24 24
24 24
24 24
24 24
24 24
24 24
24 24
24 24
24 24
24 24
24 24
24 24
24 24
24 24
24 24
24 24
24 24
24 24
24 24
24 24
24 24
0 0
0 0
0 0
0 0
0 0
0 0
0 0
0 0
0 0
0 0
0 0
0 0
0 0
0 0
0 0
25 25
0 0
25 25
25 25
25 25
25 25
23 23
25 25
25 25
25 25
25 25
23 23
23 23
23 23
21 21
21 21
19 19
19 19
17 17
17 17
15 15
15 15
13 13
13 13
11 11
11 11
9 9
9 9
7 7
7 7
5 5
5 5
3 3
3 3
1 1
1 1
0 0
0 0
0 0
0 0
0 0
0 0
0 0
0 0
0 0
0 0
0 0
0 0
0 0
0 0
0 0
0 0
0 0
0 0
0 0
0 0
0 0
0 0
0 0
0 0
0 0
11 25
12 25
13 25
14 25
15 25
15 25
16 25
18 25
19 25
20 25
22 25
24 25
26 25
24 25
22 25
20 25
19 25
18 25
16 25
15 25
15 25
14 25
13 25
12 25
11 25
0 0
0 0
0 0
0 0
0 0
0 0
0 0
0 0
0 0
0 0
0 0
0 0
0 0
0 0
0 0
0 0
0 0
0 0
0 0
0 0
0 0
0 0
0 0
0 0
0 0
11 25
12 25
13 25
14 25
15 25
15 25
16 25
18 25
19 25
20 25
22 25
24 25
26 25
24 25
22 25
20 25
19 25
18 25
16 25
15 25
15 25
14 25
13 25
12 25
11 25
0 0
0 0
0 0
0 0
0 0
0 0
0 0
0 0
0 0
0 0
0 0
0 0
0 0
0 0
0 0
0 0
0 0
0 0
0 0
0 0
0 0
0 0
0 0
0 0
25 25
23 23
23 23
21 21
21 21
19 19
19 19
17 17
17 17
15 15
15 15
13 13
13 13
11 11
11 11
9 9
9 9
7 7
7 7
5 5
5 5
3 3
3 3
1 1
1 1
1 1
0 0
0 0
0 0
0 0
0 0
0 0
0 0
0 0
0 0
0 0
0 0
0 0
0 0
0 0
0 0
0 0
0 0
0 0
0 0
0 0
0 0
0 0
0 0
0 0
0 0
1 7
3 11
5 15
7 17
9 19
11 21
13 21
15 23
17 23
19 25
21 25
23 25
26 25
23 25
21 25
19 25
17 23
15 23
13 21
11 21
9 19
7 17
5 15
3 11
1 7
0 0
0 0
0 0
0 0
0 0
0 0
0 0
0 0
0 0
0 0
0 0
0 0
0 0
0 0
0 0
0 0
0 0
0 0
0 0
0 0
0 0
0 0
0 0
0 0
0 0
1 7
3 11
5 15
7 17
9 19
11 21
13 21
15 23
17 23
19 25
21 25
23 25
26 25
23 25
21 25
19 25
17 23
15 23
13 21
11 21
9 19
7 17
5 15
3 11
1 7
0 0
0 0
0 0
0 0
0 0
0 0
0 0
0 0
0 0
0 0
0 0
0 0
0 0
0 0
0 0
0 0
0 0
0 0
0 0
0 0
0 0
0 0
0 0
0 0
0 0
25 25
25 25
25 25
25 25
25 25
25 25
25 25
25 25
25 25
25 25
25 25
25 25
25 25
25 25
25 25
25 25
25 25
25 25
25 25
25 25
25 25
25 25
25 25
25 25
25 25
0 0
0 0
0 0
0 0
0 0
0 0
0 0
0 0
0 0
0 0
0 0
0 0
0 0
0 0
0 0
0 0
0 0
0 0
0 0
0 0
0 0
0 0
0 0
0 0
0 0
25 25
25 25
25 25
25 25
25 25
25 25
25 25
25 25
25 25
25 25
25 25
25 25
25 25
25 25
25 25
25 25
25 25
25 25
25 25
25 25
25 25
25 25
25 25
25 25
25 25
0 0
0 0
0 0
0 0
0 0
0 0
0 0
0 0
0 0
0 0
0 0
0 0
0 0
0 0
0 0
0 0
0 0
0 0
0 0
0 0
0 0
0 0
0 0
0 0
0 0
25 25
25 25
25 25
25 25
25 25
25 25
25 25
25 25
25 25
25 25
25 25
25 25
25 25
25 25
25 25
25 25
25 25
25 25
25 25
25 25
25 25
25 25
25 25
25 25
25 25
0 0
0 0
0 0
0 0
0 0
0 0
0 0
0 0
0 0
0 0
0 0
0 0
0 0
0 0
0 0
0 0
0 0
0 0
0 0
0 0
0 0
0 0
0 0
0 0
0 0
29 25
29 25
29 25
28 25
28 25
28 25
27 25
27 25
26 25
26 25
25 25
25 25
25 25
25 25
25 25
25 26
25 26
25 27
25 27
25 28
25 28
25 28
25 29
25 29
25 29
0 0
0 0
0 0
0 0
0 0
0 0
0 0
0 0
0 0
0 0
0 0
0 0
0 0
0 0
0 0
0 0
0 0
0 0
0 0
0 0
0 0
0 0
0 0
0 0
0 0
25 29
23 29
21 28
19 28
18 27
17 26
16 26
15 26
14 25
13 25
13 25
13 25
13 25
13 25
13 25
14 25
15 25
15 26
17 26
18 26
19 27
21 28
23 28
24 29
25 29
10 25
8 25
6 25
3 25
0 0
0 0
0 0
0 0
0 0
0 0
0 0
0 0
0 0
0 0
0 0
0 0
0 0
0 0
0 0
0 0
0 0
0 0
0 0
0 0
0 0
25 29
23 29
21 28
19 28
18 27
17 26
16 26
15 26
14 25
13 25
13 25
13 25
13 25
13 25
13 25
14 25
15 25
15 26
17 26
18 26
19 27
21 28
23 28
24 29
25 29
10 25
8 25
6 25
3 25
0 0
0 0
0 0
0 0
0 0
0 0
0 0
0 0
0 0
0 0
0 0
0 0
0 0
0 0
0 0
0 0
0 0
0 0
0 0
0 0
0 0
0 0
0 0
0 0
9 25
17 25
21 25
25 25
27 25
29 25
29 25
31 25
31 25
31 25
31 25
31 25
29 25
29 25
27 25
25 25
21 25
17 25
9 25
0 0
0 0
0 0
0 0
0 0
0 0
0 0
0 0
0 0
0 0
0 0
0 0
0 0
0 0
0 0
0 0
0 0
0 0
0 0
0 0
0 0
0 0
0 0
0 0
0 0
5 25
9 25
11 25
13 25
13 25
15 25
15 25
17 25
17 25
17 25
17 25
19 25
19 25
19 25
19 25
19 25
19 25
19 25
19 25
19 25
17 25
17 25
17 25
17 25
15 25
15 25
13 25
13 25
11 25
9 25
5 25
0 0
0 0
0 0
0 0
0 0
0 0
0 0
0 0
0 0
0 0
0 0
0 0
0 0
0 0
0 0
0 0
0 0
0 0
0 0
0 0
0 0
0 0
19 31
19 31
19 31
19 31
19 31
19 31
19 31
19 31
19 31
19 31
19 31
19 31
19 31
19 31
19 31
19 31
19 31
19 31
19 31
19 31
19 31
19 31
19 31
19 31
19 31
0 0
0 0
0 0
0 0
0 0
0 0
0 0
0 0
0 0
0 0
0 0
0 0
0 0
0 0
0 0
0 0
0 0
0 0
0 0
0 0
0 0
0 0
0 0
0 0
0 0
0 0
0 0
0 0
1 25
13 25
19 25
23 25
25 25
27 25
29 25
29 25
29 25
31 25
29 25
29 25
29 25
27 25
25 25
23 25
19 25
13 25
1 25
0 0
0 0
0 0
0 0
0 0
0 0
0 0
0 0
0 0
0 0
0 0
0 0
0 0
0 0
0 0
0 0
0 0
0 0
0 0
0 0
0 0
0 0
0 0
0 0
0 0
1 23
7 25
9 25
11 25
13 25
13 25
15 25
15 25
15 25
17 25
17 25
17 25
17 25
17 25
17 25
19 25
17 25
17 25
17 25
17 25
17 25
17 25
15 25
15 25
15 25
13 25
13 25
11 25
9 25
7 25
1 23
0 0
0 0
0 0
0 0
0 0
0 0
0 0
0 0
0 0
0 0
0 0
0 0
0 0
0 0
0 0
0 0
0 0
0 0
0 0
0 0
0 0
0 0
19 29
19 31
19 31
19 31
19 31
19 31
19 31
19 31
19 31
19 31
19 31
19 31
19 31
19 31
19 31
19 31
19 31
19 31
19 31
19 31
19 31
19 31
19 31
19 31
19 29
0 0
0 0
0 0
0 0
0 0
0 0
0 0
0 0
0 0
0 0
0 0
0 0
0 0
0 0
0 0
0 0
0 0
0 0
0 0
0 0
0 0
0 0
0 0
0 0
0 0
0 0
0 0
0 0
37 37
35 35
33 33
31 31
29 29
27 27
25 25
23 23
21 21
19 19
17 17
15 15
13 13
11 11
9 9
7 7
5 5
3 3
0 0
0 0
0 0
0 0
0 0
0 0
0 0
0 0
0 0
0 0
0 0
0 0
0 0
0 0
0 0
0 0
0 0
0 0
0 0
0 0
0 0
0 0
0 0
1 1
2 11
3 17
4 19
5 23
6 25
7 27
8 29
9 29
10 31
11 33
12 33
13 33
14 35
15 35
16 35
17 35
18 35
18 37
18 35
17 35
16 35
15 35
14 35
13 33
12 33
11 33
10 31
9 29
8 29
7 27
6 25
5 23
4 19
3 17
2 11
1 1
0 0
0 0
0 0
0 0
0 0
0 0
0 0
0 0
0 0
0 0
0 0
0 0
0 0
1 1
2 11
3 17
4 19
5 23
6 25
7 27
8 29
9 29
10 31
11 33
12 33
13 33
14 35
15 35
16 35
17 35
18 35
18 37
18 35
17 35
16 35
15 35
14 35
13 33
12 33
11 33
10 31
9 29
8 29
7 27
6 25
5 23
4 19
3 17
2 11
1 1
0 0
0 0
0 0
0 0
0 0
0 0
0 0
0 0
0 0
0 0
0 0
0 0
0 0
0 0
0 0
0 0
9 8
13 14
17 16
19 19
23 20
23 22
25 24
27 24
27 25
29 25
29 27
31 27
31 27
31 27
31 27
31 27
31 27
31 27
31 27
31 27
29 27
29 25
27 25
27 24
25 24
23 22
23 20
19 19
17 16
13 14
9 8
0 0
0 0
0 0
0 0
0 0
0 0
0 0
0 0
0 0
0 0
0 0
0 0
0 0
0 0
0 0
0 0
0 0
0 0
0 0
9 8
13 14
17 16
19 19
23 20
23 22
25 24
27 24
27 25
29 25
29 27
31 27
31 27
31 27
31 27
31 27
31 27
31 27
31 27
31 27
29 27
29 25
27 25
27 24
25 24
23 22
23 20
19 19
17 16
13 14
9 8
0 0
0 0
0 0
0 0
0 0
0 0
0 0
0 0
0 0
0 0
0 0
0 0
0 0
0 0
0 0
0 0
0 0
0 0
0 0
0 0
0 0
0 0
11 11
15 15
19 19
21 21
23 23
25 25
25 25
27 27
29 29
29 29
29 29
31 31
31 31
31 31
31 31
31 31
31 31
31 31
31 31
29 29
29 29
29 29
27 27
25 25
21 21
19 19
11 11
0 0
0 0
0 0
0 0
0 0
0 0
0 0
0 0
0 0
0 0
0 0
0 0
0 0
0 0
0 0
0 0
0 0
0 0
0 0
0 0
9 8
13 14
17 16
19 18
23 18
23 20
25 21
27 22
27 22
29 22
29 24
31 24
31 24
31 25
31 25
31 25
31 25
31 25
31 24
31 24
29 24
29 22
27 22
27 22
25 21
23 20
23 18
19 18
17 16
13 14
9 8
0 0
0 0
0 0
0 0
0 0
0 0
0 0
0 0
0 0
0 0
0 0
0 0
0 0
0 0
0 0
0 0
0 0
0 0
0 0
9 8
13 14
17 16
19 18
23 18
23 20
25 21
27 22
27 22
29 22
29 24
31 24
31 24
31 25
31 25
31 25
31 25
31 25
31 24
31 24
29 24
29 22
27 22
27 22
25 21
23 20
23 18
19 18
17 16
13 14
9 8
0 0
0 0
0 0
0 0
0 0
0 0
0 0
0 0
0 0
0 0
0 0
0 0
0 0
0 0
0 0
0 0
0 0
0 0
0 0
0 0
0 0
0 0
0 0
5 5
11 11
17 17
21 21
25 25
27 27
29 29
29 29
29 29
31 31
31 31
31 31
31 31
31 31
31 31
31 31
31 31
29 29
29 29
29 29
27 27
25 25
21 21
19 19
11 11
0 0
0 0
0 0
0 0
0 0
0 0
0 0
0 0
0 0
0 0
0 0
0 0
0 0
0 0
0 0
0 0
0 0
0 0
0 0
0 0
0 0
0 0
0 0
0 0
0 0
0 0
0 0
0 0
0 0
0 0
0 0
0 0
3 17
5 21
7 23
9 23
9 25
9 23
7 23
5 21
3 17
0 0
0 0
0 0
0 0
0 0
0 0
0 0
0 0
0 0
0 0
0 0
0 0
0 0
0 0
0 0
0 0
0 0
0 0
0 0
0 0
0 0
0 0
0 0
0 0
0 0
0 0
0 0
0 0
0 0
0 0
0 0
0 0
0 0
0 0
0 0
0 0
0 0
0 0
0 0
0 0
0 0
3 17
5 21
7 23
9 23
9 25
9 23
7 23
5 21
3 17
0 0
0 0
0 0
0 0
0 0
0 0
0 0
0 0
0 0
0 0
0 0
0 0
0 0
0 0
0 0
0 0
0 0
0 0
0 0
0 0
0 0
0 0
0 0
0 0
0 0
0 0
0 0
0 0
0 0
0 0
0 0
0 0
0 0
1 1
5 5
7 7
7 7
9 9
9 9
9 9
9 9
7 7
7 7
5 5
3 3
1 1
3 3
5 5
7 7
7 7
9 9
9 9
9 9
9 9
7 7
7 7
5 5
1 1
0 0
0 0
0 0
0 0
0 0
0 0
0 0
0 0
0 0
0 0
0 0
0 0
0 0
0 0
0 0
0 0
0 0
0 0
0 0
0 0
0 0
0 0
0 0
0 0
0 0
0 0
0 0
0 0
0 0
0 0
0 0
5 27
7 31
9 31
11 31
13 31
13 31
13 33
13 31
13 31
11 31
9 31
7 31
5 27
0 0
0 0
0 0
0 0
0 0
0 0
0 0
0 0
0 0
0 0
0 0
0 0
0 0
0 0
0 0
0 0
0 0
0 0
0 0
0 0
0 0
0 0
0 0
0 0
0 0
0 0
0 0
0 0
0 0
0 0
0 0
0 0
0 0
0 0
0 0
0 0
0 0
5 27
7 31
9 31
11 31
13 31
13 31
13 33
13 31
13 31
11 31
9 31
7 31
5 27
0 0
0 0
0 0
0 0
0 0
0 0
0 0
0 0
0 0
0 0
0 0
0 0
0 0
0 0
0 0
0 0
0 0
0 0
0 0
0 0
0 0
0 0
0 0
0 0
0 0
0 0
0 0
1 1
11 11
11 11
13 13
13 13
13 13
13 13
13 13
13 13
11 11
11 11
9 9
9 9
7 7
5 5
3 3
1 1
3 3
5 5
7 7
9 9
9 9
11 11
11 11
13 13
13 13
13 13
13 13
13 13
13 13
11 11
11 11
1 1
0 0
0 0
0 0
0 0
0 0
0 0
0 0
0 0
0 0
0 0
0 0
0 0
0 0
0 0
0 0
0 0
0 0
0 0
0 0
0 0
9 25
13 27
17 27
19 27
21 27
23 27
23 27
25 27
25 27
27 27
27 27
27 27
27 27
27 27
27 27
27 27
27 27
27 27
25 27
25 27
23 27
23 27
21 27
19 27
17 27
13 27
9 25
0 0
0 0
0 0
0 0
0 0
0 0
0 0
0 0
0 0
0 0
0 0
0 0
0 0
0 0
0 0
0 0
0 0
0 0
0 0
0 0
0 0
0 0
0 0
9 25
13 27
17 27
19 27
21 27
23 27
23 27
25 27
25 27
27 27
27 27
27 27
27 27
27 27
27 27
27 27
27 27
27 27
25 27
25 27
23 27
23 27
21 27
19 27
17 27
13 27
9 25
0 0
0 0
0 0
0 0
0 0
0 0
0 0
0 0
0 0
0 0
0 0
0 0
0 0
0 0
0 0
0 0
0 0
0 0
0 0
0 0
0 0
0 0
0 0
25 25
27 27
27 27
27 27
27 27
27 27
27 27
25 25
25 25
23 23
21 21
19 19
15 15
11 11
15 15
19 19
21 21
23 23
25 25
25 25
27 27
27 27
27 27
27 27
27 27
27 27
25 25
0 0
0 0
0 0
0 0
0 0
0 0
0 0
0 0
0 0
0 0
0 0
0 0
0 0
0 0
0 0
0 0
0 0
0 0
0 0
0 0
0 0
0 0
0 0
7 19
13 21
17 23
19 25
21 25
23 27
23 27
25 27
25 27
25 27
27 27
27 27
27 27
27 27
27 27
27 27
27 27
25 27
25 27
25 27
23 27
23 27
21 25
19 25
17 23
13 21
7 19
0 0
0 0
0 0
0 0
0 0
0 0
0 0
0 0
0 0
0 0
0 0
0 0
0 0
0 0
0 0
0 0
0 0
0 0
0 0
0 0
0 0
0 0
0 0
7 19
13 21
17 23
19 25
21 25
23 27
23 27
25 27
25 27
25 27
27 27
27 27
27 27
27 27
27 27
27 27
27 27
25 27
25 27
25 27
23 27
23 27
21 25
19 25
17 23
13 21
7 19
0 0
0 0
0 0
0 0
0 0
0 0
0 0
0 0
0 0
0 0
0 0
0 0
0 0
0 0
0 0
0 0
0 0
0 0
0 0
0 0
0 0
0 0
0 0
17 17
21 21
23 23
25 25
27 27
27 27
27 27
25 25
25 25
23 23
21 21
19 19
15 15
11 11
15 15
19 19
21 21
23 23
25 25
25 25
27 27
27 27
27 27
25 25
23 23
21 21
17 17
0 0
0 0
0 0
0 0
0 0
0 0
0 0
0 0
0 0
0 0
0 0
