9 0 0 0 0 0 0 0 0 0 0 0 0 0 0 0 0 0 0 0 0 0 0 0 81 54 18 36 36 
9 9 9 9 9 9 9 9 9 9 9 9 18 9 9 9 9 9 9 9 9 9 9 9 9 
54 0 0 0 0 0 0 0 0 0 0 0 0 0 0 0 0 0 0 0 0 0 0 63 108 18 36 36 18 
9 9 9 9 9 9 9 9 9 27 27 27 9 27 27 27 9 9 9 9 9 9 9 9 9 
18 27 0 0 0 0 0 0 0 0 0 0 0 0 0 0 0 0 0 0 0 0 9 81 54 36 36 18 18 
9 9 9 9 9 9 9 9 27 9 9 18 27 18 9 9 27 9 9 9 9 9 9 9 9 
36 36 0 0 0 0 0 0 0 0 0 0 0 0 0 0 0 0 0 0 0 0 63 72 54 36 18 36 
9 9 9 9 9 9 18 27 9 27 27 9 9 9 27 27 9 27 18 9 9 9 9 9 9 
9 27 45 0 0 0 0 0 0 0 0 0 0 0 0 0 0 0 0 0 0 27 81 54 45 18 36 18 
9 9 9 9 9 9 9 9 27 9 18 27 27 27 18 9 27 18 27 9 9 9 9 9 9 
18 36 36 0 0 0 0 0 0 0 0 0 0 0 0 0 0 0 0 0 0 63 72 54 54 18 18 18 
9 9 9 9 9 27 27 27 18 27 9 9 9 9 9 27 18 27 27 27 9 9 9 9 9 
18 9 18 63 0 0 0 0 0 0 0 0 0 0 0 0 0 0 0 0 45 99 36 36 36 36 18 
9 9 9 9 27 9 9 27 9 18 27 27 27 27 27 18 9 27 9 18 27 9 9 9 9 
18 18 18 18 45 0 0 0 0 0 0 0 0 0 0 0 0 0 0 27 81 54 36 54 36 18 18 
9 9 9 27 9 27 27 9 27 9 18 27 27 27 18 9 27 9 27 27 9 27 9 9 9 
9 18 18 18 27 27 0 0 0 0 0 0 0 0 0 0 0 0 9 63 54 54 36 36 27 36 
9 9 9 9 27 27 9 27 9 27 9 18 27 18 9 27 18 27 9 27 27 27 9 9 9 
18 18 18 18 36 36 9 0 0 0 0 0 0 0 0 0 0 0 63 72 54 36 36 36 36 18 
9 9 27 27 18 9 27 27 27 27 27 9 18 9 27 27 27 27 27 9 18 27 27 9 9 
9 9 9 18 18 36 54 27 0 0 0 0 0 0 0 0 9 63 72 54 36 36 27 27 45 
9 9 9 9 9 27 27 18 27 27 27 36 27 36 27 27 27 18 27 27 27 27 27 9 9 
18 18 18 18 18 18 18 36 36 0 0 0 0 0 0 27 63 54 54 36 36 36 36 36 36 
9 27 27 27 27 27 27 9 27 27 27 27 27 27 36 27 27 9 27 27 27 27 27 27 9 
18 18 18 18 18 18 36 54 72 81 81 63 63 63 81 81 72 54 36 18 18 18 18 18 18 
18 18 18 18 18 18 36 54 72 81 81 63 63 63 81 81 72 54 36 18 18 18 18 18 18 
9 27 27 27 27 27 27 9 27 27 27 27 27 27 36 27 27 9 27 27 27 27 27 27 9 
18 18 18 18 18 18 18 36 36 0 0 0 0 0 0 27 63 54 54 36 36 36 36 36 36 
9 9 9 9 9 27 27 18 27 27 27 36 27 36 27 27 27 18 27 27 27 27 27 9 9 
9 9 9 18 18 36 54 27 0 0 0 0 0 0 0 0 9 63 72 54 36 36 27 27 45 
9 9 27 27 18 9 27 27 27 27 27 9 18 9 27 27 27 27 27 9 18 27 27 9 9 
18 18 18 18 36 36 9 0 0 0 0 0 0 0 0 0 0 0 63 72 54 36 36 36 36 18 
9 9 9 9 27 27 9 27 9 27 9 18 27 18 9 27 18 27 9 27 27 27 9 9 9 
9 18 18 18 27 27 0 0 0 0 0 0 0 0 0 0 0 0 9 63 54 54 36 36 27 36 
9 9 9 27 9 27 27 9 27 9 18 27 27 27 18 9 27 9 27 27 9 27 9 9 9 
18 18 18 18 45 0 0 0 0 0 0 0 0 0 0 0 0 0 0 27 81 54 36 54 36 18 18 
9 9 9 9 27 9 9 27 9 18 27 27 27 27 27 18 9 27 9 18 27 9 9 9 9 
18 9 18 63 0 0 0 0 0 0 0 0 0 0 0 0 0 0 0 0 45 99 36 36 36 36 18 
9 9 9 9 9 27 27 27 18 27 9 9 9 9 9 27 18 27 27 27 9 9 9 9 9 
18 36 36 0 0 0 0 0 0 0 0 0 0 0 0 0 0 0 0 0 0 63 72 54 54 18 18 18 
9 9 9 9 9 9 9 9 27 9 18 27 27 27 18 9 27 18 27 9 9 9 9 9 9 
9 27 45 0 0 0 0 0 0 0 0 0 0 0 0 0 0 0 0 0 0 27 81 54 45 18 36 18 
9 9 9 9 9 9 18 27 9 27 27 9 9 9 27 27 9 27 18 9 9 9 9 9 9 
36 36 0 0 0 0 0 0 0 0 0 0 0 0 0 0 0 0 0 0 0 0 63 72 54 36 18 36 
9 9 9 9 9 9 9 9 27 9 9 18 27 18 9 9 27 9 9 9 9 9 9 9 9 
18 27 0 0 0 0 0 0 0 0 0 0 0 0 0 0 0 0 0 0 0 0 9 81 54 36 36 18 18 
9 9 9 9 9 9 9 9 9 27 27 27 9 27 27 27 9 9 9 9 9 9 9 9 9 
54 0 0 0 0 0 0 0 0 0 0 0 0 0 0 0 0 0 0 0 0 0 0 63 108 18 36 36 18 
9 9 9 9 9 9 9 9 9 9 9 9 18 9 9 9 9 9 9 9 9 9 9 9 9 
9 0 0 0 0 0 0 0 0 0 0 0 0 0 0 0 0 0 0 0 0 0 0 0 81 54 18 36 36 
9 54 18 36 9 18 18 18 9 18 9 18 18 9 9 9 9 9 9 9 9 9 9 9 9 
9 9 9 9 9 9 9 9 9 9 9 9 9 9 9 9 9 9 18 9 9 18 18 9 27 18 18 27 27 
27 36 27 36 9 18 18 18 9 18 18 27 9 9 9 9 9 9 9 9 9 9 9 
9 9 9 9 9 9 9 9 9 9 9 9 9 9 9 9 9 18 9 18 9 18 9 18 27 27 18 27 9 
45 36 18 18 18 18 9 18 18 27 9 27 9 9 9 9 9 9 9 9 9 
9 9 9 9 9 9 9 9 9 9 9 9 9 9 9 9 9 9 9 9 18 9 18 27 27 18 27 18 
63 18 18 18 18 18 18 27 9 27 9 27 9 9 9 9 9 9 9 
9 9 9 9 9 9 9 9 9 9 9 9 9 9 9 9 9 9 9 9 9 18 27 27 27 18 18 9 
45 27 36 18 18 18 27 9 18 27 9 27 9 9 9 9 9 9 
9 9 9 9 9 9 9 9 9 9 9 9 9 9 9 9 18 9 9 9 18 18 18 27 27 18 18 
27 36 36 18 18 27 27 9 27 27 9 27 9 9 9 9 9 
9 9 9 9 9 9 9 9 9 9 9 9 9 9 9 9 9 9 9 18 18 27 18 27 27 27 
9 54 18 36 27 27 27 9 27 9 27 9 18 9 9 9 
9 9 9 9 9 9 9 9 9 9 9 9 9 9 9 9 9 9 18 18 18 27 27 18 27 9 
27 36 54 9 18 27 27 9 27 27 9 27 9 9 9 
9 9 9 9 9 9 9 9 9 9 9 9 9 9 9 9 9 9 18 18 18 27 18 27 27 9 
36 72 27 27 27 9 27 9 18 27 9 27 9 9 
9 9 9 9 9 9 9 9 9 9 9 9 9 9 18 9 9 18 18 18 27 18 18 27 27 
81 27 27 27 27 9 18 27 9 27 9 27 9 
9 9 9 9 9 9 9 9 9 9 9 9 9 9 9 9 18 18 18 18 18 18 27 27 18 
81 27 27 27 9 18 27 9 18 27 9 27 9 
9 9 9 9 9 9 9 9 9 9 9 9 9 9 9 9 18 18 18 18 18 18 18 27 18 
63 27 36 9 18 27 27 9 27 9 18 27 9 
9 9 9 9 9 9 9 9 9 9 9 9 9 9 9 18 9 9 18 18 18 27 18 18 18 
63 27 27 18 27 27 27 9 27 9 27 9 18 
9 9 9 9 9 9 9 9 9 9 9 9 9 9 9 18 18 9 18 18 18 27 27 18 9 
63 27 36 9 18 27 27 9 27 9 18 27 9 
9 9 9 9 9 9 9 9 9 9 9 9 9 9 9 18 9 9 18 18 18 27 18 18 18 
81 36 27 27 9 18 27 9 18 27 9 27 9 
9 9 9 9 9 9 9 9 18 9 9 9 9 9 9 9 18 18 18 18 18 18 18 27 18 
27 81 27 27 27 27 9 18 27 9 27 9 27 9 
9 9 9 9 9 9 9 9 9 9 9 18 18 18 9 9 18 18 18 18 18 18 27 27 18 
9 63 72 27 27 27 18 27 9 18 27 9 27 9 9 
9 9 9 9 18 9 9 9 9 18 18 9 18 9 18 18 9 18 18 18 27 18 18 27 27 
63 54 54 9 18 27 27 9 27 27 18 27 9 9 9 
9 18 9 9 9 9 9 9 18 18 18 9 9 9 18 18 18 9 18 18 18 27 18 27 27 9 
9 63 72 54 36 27 27 27 9 27 9 27 27 18 9 9 9 
18 9 9 9 9 9 18 18 18 18 18 18 18 18 18 18 18 18 27 18 18 27 27 18 36 9 
27 63 72 54 36 18 27 27 9 27 27 18 27 9 9 9 9 9 
9 18 9 9 9 18 18 18 18 18 18 18 18 18 18 18 18 18 18 27 18 27 18 27 27 27 
45 81 54 54 36 36 18 27 27 18 27 9 27 9 9 9 9 9 9 
9 9 18 9 18 18 18 18 27 18 18 18 18 18 18 18 27 18 18 18 27 18 27 27 27 18 18 
27 63 99 54 54 36 36 36 18 27 27 27 27 27 9 9 9 9 9 9 9 
18 18 9 18 18 27 27 27 18 18 18 27 27 27 18 18 18 27 27 27 18 27 27 36 36 18 18 9 
9 63 81 72 36 36 36 36 27 36 18 27 27 27 9 9 9 9 9 9 9 9 9 
18 9 18 27 18 18 27 18 18 27 18 18 27 18 18 27 18 18 27 18 27 27 27 27 36 18 27 18 
63 81 72 54 54 36 54 36 36 27 36 18 27 9 9 9 9 9 9 9 9 9 9 9 
9 18 27 27 27 27 18 27 27 27 27 18 18 18 27 27 27 27 18 27 27 36 27 27 27 27 18 27 9 
81 108 54 54 45 54 36 36 27 36 45 36 18 9 9 9 9 9 9 9 9 9 9 9 9 
27 27 27 27 27 27 27 27 27 18 18 18 9 18 18 18 27 27 36 27 27 36 36 27 45 18 18 27 27 
54 18 36 36 18 18 36 18 36 18 
18 27 18 18 18 27 9 9 0 0 0 0 0 0 0 0 0 9 9 27 18 18 18 27 18 
18 36 36 18 36 18 18 18 
18 18 27 18 18 0 0 0 0 0 0 0 0 0 0 0 0 0 0 0 18 18 27 18 18 
36 36 18 36 18 18 
27 27 18 9 0 0 0 0 0 0 0 0 0 0 0 0 0 0 0 0 0 9 18 27 27 
36 18 18 
27 9 0 0 0 0 0 0 0 0 0 0 0 0 0 0 0 0 0 0 0 0 0 9 27 
9 9 9 9 9 9 9 9 9 9 9 9 18 18 9 18 9 18 18 18 9 36 18 54 9 
9 9 9 9 9 9 9 9 9 9 9 9 9 9 9 9 9 9 18 9 9 18 18 9 27 18 18 27 27 
9 9 9 9 9 9 9 9 9 9 9 27 18 18 9 18 18 18 9 36 27 36 27 
9 9 9 9 9 9 9 9 9 9 9 9 9 9 9 9 9 18 9 18 9 18 9 18 27 27 18 27 9 
9 9 9 9 9 9 9 9 9 27 9 27 18 18 9 18 18 18 18 36 45 
9 9 9 9 9 9 9 9 9 9 9 9 9 9 9 9 9 9 9 9 18 9 18 27 27 18 27 18 
9 9 9 9 9 9 9 27 9 27 9 27 18 18 18 18 18 18 63 
9 9 9 9 9 9 9 9 9 9 9 9 9 9 9 9 9 9 9 9 9 18 27 27 27 18 18 9 
9 9 9 9 9 9 27 9 27 18 9 27 18 18 18 36 27 45 
9 9 9 9 9 9 9 9 9 9 9 9 9 9 9 9 18 9 9 9 18 18 18 27 27 18 18 
9 9 9 9 9 27 9 27 27 9 27 27 18 18 36 36 27 
9 9 9 9 9 9 9 9 9 9 9 9 9 9 9 9 9 9 9 18 18 27 18 27 27 27 
9 9 9 18 9 27 9 27 9 27 27 27 36 18 54 9 
9 9 9 9 9 9 9 9 9 9 9 9 9 9 9 9 9 9 18 18 18 27 27 18 27 9 
9 9 9 27 9 27 27 9 27 27 18 9 54 36 27 
9 9 9 9 9 9 9 9 9 9 9 9 9 9 9 9 9 9 18 18 18 27 18 27 27 9 
9 9 27 9 27 18 9 27 9 27 27 27 72 36 
9 9 9 9 9 9 9 9 9 9 9 9 9 9 18 9 9 18 18 18 27 18 18 27 27 
9 27 9 27 9 27 18 9 27 27 27 27 81 
9 9 9 9 9 9 9 9 9 9 9 9 9 9 9 9 18 18 18 18 18 18 27 27 18 
9 27 9 27 18 9 27 18 9 27 27 27 81 
9 9 9 9 9 9 9 9 9 9 9 9 9 9 9 9 18 18 18 18 18 18 18 27 18 
9 27 18 9 27 9 27 27 18 9 36 27 63 
9 9 9 9 9 9 9 9 9 9 9 9 9 9 9 18 9 9 18 18 18 27 18 18 18 
18 9 27 9 27 9 27 27 27 18 27 27 63 
9 9 9 9 9 9 9 9 9 9 9 9 9 9 9 18 18 9 18 18 18 27 27 18 9 
9 27 18 9 27 9 27 27 18 9 36 27 63 
9 9 9 9 9 9 9 9 9 9 9 9 9 9 9 18 9 9 18 18 18 27 18 18 18 
9 27 9 27 18 9 27 18 9 27 27 36 81 
9 9 9 9 9 9 9 9 18 9 9 9 9 9 9 9 18 18 18 18 18 18 18 27 18 
9 27 9 27 9 27 18 9 27 27 27 27 81 27 
9 9 9 9 9 9 9 9 9 9 9 18 18 18 9 9 18 18 18 18 18 18 27 27 18 
9 9 27 9 27 18 9 27 18 27 27 27 72 63 9 
9 9 9 9 18 9 9 9 9 18 18 9 18 9 18 18 9 18 18 18 27 18 18 27 27 
9 9 9 27 18 27 27 9 27 27 18 9 54 54 63 
9 18 9 9 9 9 9 9 18 18 18 9 9 9 18 18 18 9 18 18 18 27 18 27 27 9 
9 9 9 18 27 27 9 27 9 27 27 27 36 54 72 63 9 
18 9 9 9 9 9 18 18 18 18 18 18 18 18 18 18 18 18 27 18 18 27 27 18 36 9 
9 9 9 9 9 27 18 27 27 9 27 27 18 36 54 72 63 27 
9 18 9 9 9 18 18 18 18 18 18 18 18 18 18 18 18 18 18 27 18 27 18 27 27 27 
9 9 9 9 9 9 27 9 27 18 27 27 18 36 36 54 54 81 45 
9 9 18 9 18 18 18 18 27 18 18 18 18 18 18 18 27 18 18 18 27 18 27 27 27 18 18 
9 9 9 9 9 9 9 27 27 27 27 27 18 36 36 36 54 54 99 63 27 
18 18 9 18 18 27 27 27 18 18 18 27 27 27 18 18 18 27 27 27 18 27 27 36 36 18 18 9 
9 9 9 9 9 9 9 9 9 27 27 27 18 36 27 36 36 36 36 72 81 63 9 
18 9 18 27 18 18 27 18 18 27 18 18 27 18 18 27 18 18 27 18 27 27 27 27 36 18 27 18 
9 9 9 9 9 9 9 9 9 9 9 27 18 36 27 36 36 54 36 54 54 72 81 63 
9 18 27 27 27 27 18 27 27 27 27 18 18 18 27 27 27 27 18 27 27 36 27 27 27 27 18 27 9 
9 9 9 9 9 9 9 9 9 9 9 9 18 36 45 36 27 36 36 54 45 54 54 108 81 
27 27 27 27 27 27 27 27 27 18 18 18 9 18 18 18 27 27 36 27 27 36 36 27 45 18 18 27 27 
18 36 18 36 18 18 36 36 18 54 
18 27 18 18 18 27 9 9 0 0 0 0 0 0 0 0 0 9 9 27 18 18 18 27 18 
18 18 18 36 18 36 36 18 
18 18 27 18 18 0 0 0 0 0 0 0 0 0 0 0 0 0 0 0 18 18 27 18 18 
18 18 36 18 36 36 
27 27 18 9 0 0 0 0 0 0 0 0 0 0 0 0 0 0 0 0 0 9 18 27 27 
18 18 36 
27 9 0 0 0 0 0 0 0 0 0 0 0 0 0 0 0 0 0 0 0 0 0 9 27 
