8 22 26 22 8 
3 6 10 12 9 3 0 0 0 0 0 0 0 0 0 0 0 0 0 0 0 3 9 12 10 6 3 
28 48 50 50 50 48 28 
3 5 7 14 14 21 21 26 20 20 0 0 0 0 0 0 0 0 0 0 0 20 20 26 21 21 14 14 7 5 3 
40 50 60 74 74 74 60 50 40 
7 9 9 18 21 27 27 36 36 31 25 15 0 0 0 0 0 0 0 15 25 31 36 36 27 27 21 18 9 9 7 
28 50 74 78 94 96 94 78 74 50 28 
9 9 16 22 29 33 36 42 39 43 36 40 18 0 0 0 0 0 18 40 36 43 39 42 36 33 29 22 16 9 9 
8 48 60 78 96 112 112 112 96 78 60 48 8 
9 11 18 22 33 37 38 44 49 51 50 42 33 21 0 0 0 21 33 42 50 51 49 44 38 37 33 22 18 11 9 
22 50 74 94 112 126 128 126 112 94 74 50 22 
11 11 20 26 35 39 46 44 51 53 50 52 47 35 22 0 22 35 47 52 50 53 51 44 46 39 35 26 20 11 11 
26 50 74 96 112 128 153 128 112 96 74 50 26 
1 11 12 20 27 35 38 46 51 51 54 52 53 47 36 24 9 24 36 47 53 52 54 51 51 46 38 35 27 20 12 11 1 
22 50 74 94 112 126 128 126 112 94 74 50 22 
11 11 20 26 35 39 46 44 51 53 50 52 47 35 22 0 22 35 47 52 50 53 51 44 46 39 35 26 20 11 11 
8 48 60 78 96 112 112 112 96 78 60 48 8 
9 11 18 22 33 37 38 44 49 51 50 42 33 21 0 0 0 21 33 42 50 51 49 44 38 37 33 22 18 11 9 
28 50 74 78 94 96 94 78 74 50 28 
9 9 16 22 29 33 36 42 39 43 36 40 18 0 0 0 0 0 18 40 36 43 39 42 36 33 29 22 16 9 9 
40 50 60 74 74 74 60 50 40 
7 9 9 18 21 27 27 36 36 31 25 15 0 0 0 0 0 0 0 15 25 31 36 36 27 27 21 18 9 9 7 
28 48 50 50 50 48 28 
3 5 7 14 14 21 21 26 20 20 0 0 0 0 0 0 0 0 0 0 0 20 20 26 21 21 14 14 7 5 3 
8 22 26 22 8 
3 6 10 12 9 3 0 0 0 0 0 0 0 0 0 0 0 0 0 0 0 3 9 12 10 6 3 
8 22 26 22 8 
3 6 10 12 9 3 0 0 0 0 0 0 0 0 0 0 0 0 0 0 0 3 9 12 10 6 3 
28 48 50 50 50 48 28 
3 5 7 14 14 21 21 26 20 20 0 0 0 0 0 0 0 0 0 0 0 20 20 26 21 21 14 14 7 5 3 
40 50 60 74 74 74 60 50 40 
7 9 9 18 21 27 27 36 36 31 25 15 0 0 0 0 0 0 0 15 25 31 36 36 27 27 21 18 9 9 7 
28 50 74 78 94 96 94 78 74 50 28 
9 9 16 22 29 33 36 42 39 43 36 40 18 0 0 0 0 0 18 40 36 43 39 42 36 33 29 22 16 9 9 
8 48 60 78 96 112 112 112 96 78 60 48 8 
9 11 18 22 33 37 38 44 49 51 50 42 33 21 0 0 0 21 33 42 50 51 49 44 38 37 33 22 18 11 9 
22 50 74 94 112 126 128 126 112 94 74 50 22 
11 11 20 26 35 39 46 44 51 53 50 52 47 35 22 0 22 35 47 52 50 53 51 44 46 39 35 26 20 11 11 
26 50 74 96 112 128 153 128 112 96 74 50 26 
1 11 12 20 27 35 38 46 51 51 54 52 53 47 36 24 9 24 36 47 53 52 54 51 51 46 38 35 27 20 12 11 1 
22 50 74 94 112 126 128 126 112 94 74 50 22 
11 11 20 26 35 39 46 44 51 53 50 52 47 35 22 0 22 35 47 52 50 53 51 44 46 39 35 26 20 11 11 
8 48 60 78 96 112 112 112 96 78 60 48 8 
9 11 18 22 33 37 38 44 49 51 50 42 33 21 0 0 0 21 33 42 50 51 49 44 38 37 33 22 18 11 9 
28 50 74 78 94 96 94 78 74 50 28 
9 9 16 22 29 33 36 42 39 43 36 40 18 0 0 0 0 0 18 40 36 43 39 42 36 33 29 22 16 9 9 
40 50 60 74 74 74 60 50 40 
7 9 9 18 21 27 27 36 36 31 25 15 0 0 0 0 0 0 0 15 25 31 36 36 27 27 21 18 9 9 7 
28 48 50 50 50 48 28 
3 5 7 14 14 21 21 26 20 20 0 0 0 0 0 0 0 0 0 0 0 20 20 26 21 21 14 14 7 5 3 
8 22 26 22 8 
3 6 10 12 9 3 0 0 0 0 0 0 0 0 0 0 0 0 0 0 0 3 9 12 10 6 3 
1 
1 
3 7 9 9 11 11 11 9 9 7 3 
3 7 9 9 11 11 11 9 9 7 3 
5 9 9 11 11 12 11 11 9 9 5 
5 9 9 11 11 12 11 11 9 9 5 
3 7 9 16 18 20 20 20 18 16 9 7 3 
3 7 9 16 18 20 20 20 18 16 9 7 3 
6 14 18 22 22 26 27 26 22 22 18 14 6 
6 14 18 22 22 26 27 26 22 22 18 14 6 
10 14 21 29 33 35 35 35 33 29 21 14 10 
10 14 21 29 33 35 35 35 33 29 21 14 10 
12 21 27 33 37 39 38 39 37 33 27 21 12 
12 21 27 33 37 39 38 39 37 33 27 21 12 
9 21 27 36 38 46 46 46 38 36 27 21 9 
9 21 27 36 38 46 46 46 38 36 27 21 9 
3 26 36 42 44 44 51 44 44 42 36 26 3 
3 26 36 42 44 44 51 44 44 42 36 26 3 
20 36 39 49 51 51 51 49 39 36 20 
20 36 39 49 51 51 51 49 39 36 20 
20 31 43 51 53 54 53 51 43 31 20 
20 31 43 51 53 54 53 51 43 31 20 
25 36 50 50 52 50 50 36 25 
25 36 50 50 52 50 50 36 25 
15 40 42 52 53 52 42 40 15 
15 40 42 52 53 52 42 40 15 
18 33 47 47 47 33 18 
18 33 47 47 47 33 18 
21 35 36 35 21 
21 35 36 35 21 
22 24 22 
22 24 22 
9 
9 
22 24 22 
22 24 22 
21 35 36 35 21 
21 35 36 35 21 
18 33 47 47 47 33 18 
18 33 47 47 47 33 18 
15 40 42 52 53 52 42 40 15 
15 40 42 52 53 52 42 40 15 
25 36 50 50 52 50 50 36 25 
25 36 50 50 52 50 50 36 25 
20 31 43 51 53 54 53 51 43 31 20 
20 31 43 51 53 54 53 51 43 31 20 
20 36 39 49 51 51 51 49 39 36 20 
20 36 39 49 51 51 51 49 39 36 20 
3 26 36 42 44 44 51 44 44 42 36 26 3 
3 26 36 42 44 44 51 44 44 42 36 26 3 
9 21 27 36 38 46 46 46 38 36 27 21 9 
9 21 27 36 38 46 46 46 38 36 27 21 9 
12 21 27 33 37 39 38 39 37 33 27 21 12 
12 21 27 33 37 39 38 39 37 33 27 21 12 
10 14 21 29 33 35 35 35 33 29 21 14 10 
10 14 21 29 33 35 35 35 33 29 21 14 10 
6 14 18 22 22 26 27 26 22 22 18 14 6 
6 14 18 22 22 26 27 26 22 22 18 14 6 
3 7 9 16 18 20 20 20 18 16 9 7 3 
3 7 9 16 18 20 20 20 18 16 9 7 3 
5 9 9 11 11 12 11 11 9 9 5 
5 9 9 11 11 12 11 11 9 9 5 
3 7 9 9 11 11 11 9 9 7 3 
3 7 9 9 11 11 11 9 9 7 3 
1 
1 
