54 72 54 
27 27 27 9 0 0 0 0 0 0 0 0 0 9 27 27 27 
108 144 126 144 108 
27 45 45 36 45 45 45 27 0 0 0 0 0 27 45 45 45 36 45 45 27 
108 144 108 72 108 144 108 
27 45 54 36 36 36 36 54 45 27 0 0 0 27 45 54 36 36 36 36 54 45 27 
54 144 108 90 54 90 108 144 54 
45 54 36 36 36 36 18 36 54 45 27 0 27 45 54 36 18 36 36 36 36 54 45 
72 126 72 54 63 54 72 126 72 
9 45 36 18 36 18 36 36 18 36 36 27 9 27 36 36 18 36 36 18 36 18 36 45 9 
54 144 108 90 54 90 108 144 54 
45 54 36 36 36 36 18 36 54 45 27 0 27 45 54 36 18 36 36 36 36 54 45 
108 144 108 72 108 144 108 
27 45 54 36 36 36 36 54 45 27 0 0 0 27 45 54 36 36 36 36 54 45 27 
108 144 126 144 108 
27 45 45 36 45 45 45 27 0 0 0 0 0 27 45 45 45 36 45 45 27 
54 72 54 
27 27 27 9 0 0 0 0 0 0 0 0 0 9 27 27 27 
54 72 54 
27 27 27 9 0 0 0 0 0 0 0 0 0 9 27 27 27 
108 144 126 144 108 
27 45 45 36 45 45 45 27 0 0 0 0 0 27 45 45 45 36 45 45 27 
108 144 108 72 108 144 108 
27 45 54 36 36 36 36 54 45 27 0 0 0 27 45 54 36 36 36 36 54 45 27 
54 144 108 90 54 90 108 144 54 
45 54 36 36 36 36 18 36 54 45 27 0 27 45 54 36 18 36 36 36 36 54 45 
72 126 72 54 63 54 72 126 72 
9 45 36 18 36 18 36 36 18 36 36 27 9 27 36 36 18 36 36 18 36 18 36 45 9 
54 144 108 90 54 90 108 144 54 
45 54 36 36 36 36 18 36 54 45 27 0 27 45 54 36 18 36 36 36 36 54 45 
108 144 108 72 108 144 108 
27 45 54 36 36 36 36 54 45 27 0 0 0 27 45 54 36 36 36 36 54 45 27 
108 144 126 144 108 
27 45 45 36 45 45 45 27 0 0 0 0 0 27 45 45 45 36 45 45 27 
54 72 54 
27 27 27 9 0 0 0 0 0 0 0 0 0 9 27 27 27 
9 
9 
27 45 45 45 27 
27 45 45 45 27 
27 45 54 36 54 45 27 
27 45 54 36 54 45 27 
45 54 36 18 36 54 45 
45 54 36 18 36 54 45 
27 45 36 36 36 36 36 45 27 
27 45 36 36 36 36 36 45 27 
27 36 36 36 18 36 36 36 27 
27 36 36 36 18 36 36 36 27 
27 45 36 36 36 36 36 45 27 
27 45 36 36 36 36 36 45 27 
9 45 36 18 36 18 36 45 9 
9 45 36 18 36 18 36 45 9 
45 54 36 18 36 54 45 
45 54 36 18 36 54 45 
27 45 54 36 54 45 27 
27 45 54 36 54 45 27 
27 45 36 45 27 
27 45 36 45 27 
27 27 27 
27 27 27 
9 
9 
27 27 27 
27 27 27 
27 45 36 45 27 
27 45 36 45 27 
27 45 54 36 54 45 27 
27 45 54 36 54 45 27 
45 54 36 18 36 54 45 
45 54 36 18 36 54 45 
9 45 36 18 36 18 36 45 9 
9 45 36 18 36 18 36 45 9 
27 45 36 36 36 36 36 45 27 
27 45 36 36 36 36 36 45 27 
27 36 36 36 18 36 36 36 27 
27 36 36 36 18 36 36 36 27 
27 45 36 36 36 36 36 45 27 
27 45 36 36 36 36 36 45 27 
45 54 36 18 36 54 45 
45 54 36 18 36 54 45 
27 45 54 36 54 45 27 
27 45 54 36 54 45 27 
27 45 45 45 27 
27 45 45 45 27 
9 
9 
