5 11 13 24 24 34 30 32 37 39 53 53 50 53 53 39 37 32 30 34 24 24 13 11 5 
5 11 13 24 24 34 30 32 37 39 53 53 50 53 53 39 37 32 30 34 24 24 13 11 5 
9 22 28 32 36 47 43 55 45 57 57 57 57 57 45 55 43 47 36 32 28 22 9 
9 22 28 32 36 47 43 55 45 57 57 57 57 57 45 55 43 47 36 32 28 22 9 
14 22 30 39 47 49 55 57 64 68 70 70 70 68 64 57 55 49 47 39 30 22 14 
14 22 30 39 47 49 55 57 64 68 70 70 70 68 64 57 55 49 47 39 30 22 14 
10 22 33 41 47 53 64 68 70 76 76 76 76 76 70 68 64 53 47 41 33 22 10 
10 22 33 41 47 53 64 68 70 76 76 76 76 76 70 68 64 53 47 41 33 22 10 
25 37 43 52 64 68 74 76 77 81 83 81 77 76 74 68 64 52 43 37 25 
25 37 43 52 64 68 74 76 77 81 83 81 77 76 74 68 64 52 43 37 25 
21 33 50 60 62 70 77 85 89 89 89 89 89 85 77 70 62 60 50 33 21 
21 33 50 60 62 70 77 85 89 89 89 89 89 85 77 70 62 60 50 33 21 
21 36 48 56 65 79 83 91 91 93 95 93 91 91 83 79 65 56 48 36 21 
21 36 48 56 65 79 83 91 91 93 95 93 91 91 83 79 65 56 48 36 21 
9 36 50 59 73 77 87 92 94 102 104 102 94 92 87 77 73 59 50 36 9 
9 36 50 59 73 77 87 92 94 102 104 102 94 92 87 77 73 59 50 36 9 
36 44 59 69 79 94 98 100 100 100 100 100 98 94 79 69 59 44 36 
36 44 59 69 79 94 98 100 100 100 100 100 98 94 79 69 59 44 36 
28 49 61 71 86 92 100 107 109 109 109 107 100 92 86 71 61 49 28 
28 49 61 71 86 92 100 107 109 109 109 107 100 92 86 71 61 49 28 
20 43 63 76 82 92 99 109 113 113 113 109 99 92 82 76 63 43 20 
20 43 63 76 82 92 99 109 113 113 113 109 99 92 82 76 63 43 20 
45 55 70 84 99 101 105 108 110 108 105 101 99 84 70 55 45 
45 55 70 84 99 101 105 108 110 108 105 101 99 84 70 55 45 
35 55 72 84 91 105 108 110 112 110 108 105 91 84 72 55 35 
35 55 72 84 91 105 108 110 112 110 108 105 91 84 72 55 35 
25 45 62 74 91 95 110 112 113 112 110 95 91 74 62 45 25 
25 45 62 74 91 95 110 112 113 112 110 95 91 74 62 45 25 
35 62 74 81 95 98 100 102 100 98 95 81 74 62 35 
35 62 74 81 95 98 100 102 100 98 95 81 74 62 35 
25 50 64 79 81 95 98 100 98 95 81 79 64 50 25 
25 50 64 79 81 95 98 100 98 95 81 79 64 50 25 
15 38 62 64 79 81 95 95 95 81 79 64 62 38 15 
15 38 62 64 79 81 95 95 95 81 79 64 62 38 15 
35 50 64 74 79 81 81 81 79 74 64 50 35 
35 50 64 74 79 81 81 81 79 74 64 50 35 
25 35 50 62 74 74 74 74 74 62 50 35 25 
25 35 50 62 74 74 74 74 74 62 50 35 25 
35 45 58 60 62 62 62 60 58 45 35 
35 45 58 60 62 62 62 60 58 45 35 
15 35 45 45 55 55 55 45 45 35 15 
15 35 45 45 55 55 55 45 45 35 15 
25 35 45 45 45 45 45 35 25 
25 35 45 45 45 45 45 35 25 
12 20 29 39 41 39 29 20 12 
12 20 29 39 41 39 29 20 12 
12 20 28 28 28 20 12 
12 20 28 28 28 20 12 
12 20 20 20 12 
12 20 20 20 12 
3 
3 
5 
1 1 1 1 1 
11 9 14 10 
1 2 4 6 6 6 6 6 4 2 1 
13 22 22 22 25 21 21 9 
1 1 6 9 16 16 19 19 19 16 16 9 6 1 1 
24 28 30 33 37 33 36 36 36 28 20 
1 4 9 16 24 30 34 35 35 35 34 30 24 16 9 4 1 
24 32 39 41 43 50 48 50 44 49 43 45 35 25 
1 3 12 19 30 38 46 54 54 54 54 54 46 38 30 19 12 3 1 
34 36 47 47 52 60 56 59 59 61 63 55 55 45 35 25 15 
1 4 12 19 34 46 54 60 65 71 72 71 65 60 54 46 34 19 12 4 1 
30 47 49 53 64 62 65 73 69 71 76 70 72 62 62 50 38 35 25 
1 9 19 34 46 57 66 81 88 90 91 90 88 81 66 57 46 34 19 9 1 
32 43 55 64 68 70 79 77 79 86 82 84 84 74 74 64 62 50 35 35 15 
1 6 16 30 46 57 71 83 91 99 104 104 104 99 91 83 71 57 46 30 16 6 1 
37 55 57 68 74 77 83 87 94 92 92 99 91 91 81 79 64 64 50 45 35 25 12 
2 9 24 38 54 66 83 97 104 116 122 122 122 116 104 97 83 66 54 38 24 9 2 
39 45 64 70 76 85 91 92 98 100 99 101 105 95 95 81 79 74 62 58 45 35 20 12 
4 16 30 46 60 81 91 104 110 122 131 131 131 122 110 104 91 81 60 46 30 16 4 
53 57 68 76 77 89 91 94 100 107 109 105 108 110 98 95 81 79 74 60 45 45 29 20 12 
1 6 16 34 54 65 88 99 116 122 131 138 142 138 131 122 116 99 88 65 54 34 16 6 1 
53 57 70 76 81 89 93 102 100 109 113 108 110 112 100 98 95 81 74 62 55 45 39 28 20 
1 6 19 35 54 71 90 104 122 131 138 142 144 142 138 131 122 104 90 71 54 35 19 6 1 
50 57 70 76 83 89 95 104 100 109 113 110 112 113 102 100 95 81 74 62 55 45 41 28 20 3 
1 6 19 35 54 72 91 104 122 131 142 144 145 144 142 131 122 104 91 72 54 35 19 6 1 
53 57 70 76 81 89 93 102 100 109 113 108 110 112 100 98 95 81 74 62 55 45 39 28 20 
1 6 19 35 54 71 90 104 122 131 138 142 144 142 138 131 122 104 90 71 54 35 19 6 1 
53 57 68 76 77 89 91 94 100 107 109 105 108 110 98 95 81 79 74 60 45 45 29 20 12 
1 6 16 34 54 65 88 99 116 122 131 138 142 138 131 122 116 99 88 65 54 34 16 6 1 
39 45 64 70 76 85 91 92 98 100 99 101 105 95 95 81 79 74 62 58 45 35 20 12 
4 16 30 46 60 81 91 104 110 122 131 131 131 122 110 104 91 81 60 46 30 16 4 
37 55 57 68 74 77 83 87 94 92 92 99 91 91 81 79 64 64 50 45 35 25 12 
2 9 24 38 54 66 83 97 104 116 122 122 122 116 104 97 83 66 54 38 24 9 2 
32 43 55 64 68 70 79 77 79 86 82 84 84 74 74 64 62 50 35 35 15 
1 6 16 30 46 57 71 83 91 99 104 104 104 99 91 83 71 57 46 30 16 6 1 
30 47 49 53 64 62 65 73 69 71 76 70 72 62 62 50 38 35 25 
1 9 19 34 46 57 66 81 88 90 91 90 88 81 66 57 46 34 19 9 1 
34 36 47 47 52 60 56 59 59 61 63 55 55 45 35 25 15 
1 4 12 19 34 46 54 60 65 71 72 71 65 60 54 46 34 19 12 4 1 
24 32 39 41 43 50 48 50 44 49 43 45 35 25 
1 3 12 19 30 38 46 54 54 54 54 54 46 38 30 19 12 3 1 
24 28 30 33 37 33 36 36 36 28 20 
1 4 9 16 24 30 34 35 35 35 34 30 24 16 9 4 1 
13 22 22 22 25 21 21 9 
1 1 6 9 16 16 19 19 19 16 16 9 6 1 1 
11 9 14 10 
1 2 4 6 6 6 6 6 4 2 1 
5 
1 1 1 1 1 
5 
1 1 1 1 1 
11 9 14 10 
1 2 4 6 6 6 6 6 4 2 1 
13 22 22 22 25 21 21 9 
1 1 6 9 16 16 19 19 19 16 16 9 6 1 1 
24 28 30 33 37 33 36 36 36 28 20 
1 4 9 16 24 30 34 35 35 35 34 30 24 16 9 4 1 
24 32 39 41 43 50 48 50 44 49 43 45 35 25 
1 3 12 19 30 38 46 54 54 54 54 54 46 38 30 19 12 3 1 
34 36 47 47 52 60 56 59 59 61 63 55 55 45 35 25 15 
1 4 12 19 34 46 54 60 65 71 72 71 65 60 54 46 34 19 12 4 1 
30 47 49 53 64 62 65 73 69 71 76 70 72 62 62 50 38 35 25 
1 9 19 34 46 57 66 81 88 90 91 90 88 81 66 57 46 34 19 9 1 
32 43 55 64 68 70 79 77 79 86 82 84 84 74 74 64 62 50 35 35 15 
1 6 16 30 46 57 71 83 91 99 104 104 104 99 91 83 71 57 46 30 16 6 1 
37 55 57 68 74 77 83 87 94 92 92 99 91 91 81 79 64 64 50 45 35 25 12 
2 9 24 38 54 66 83 97 104 116 122 122 122 116 104 97 83 66 54 38 24 9 2 
39 45 64 70 76 85 91 92 98 100 99 101 105 95 95 81 79 74 62 58 45 35 20 12 
4 16 30 46 60 81 91 104 110 122 131 131 131 122 110 104 91 81 60 46 30 16 4 
53 57 68 76 77 89 91 94 100 107 109 105 108 110 98 95 81 79 74 60 45 45 29 20 12 
1 6 16 34 54 65 88 99 116 122 131 138 142 138 131 122 116 99 88 65 54 34 16 6 1 
53 57 70 76 81 89 93 102 100 109 113 108 110 112 100 98 95 81 74 62 55 45 39 28 20 
1 6 19 35 54 71 90 104 122 131 138 142 144 142 138 131 122 104 90 71 54 35 19 6 1 
50 57 70 76 83 89 95 104 100 109 113 110 112 113 102 100 95 81 74 62 55 45 41 28 20 3 
1 6 19 35 54 72 91 104 122 131 142 144 145 144 142 131 122 104 91 72 54 35 19 6 1 
53 57 70 76 81 89 93 102 100 109 113 108 110 112 100 98 95 81 74 62 55 45 39 28 20 
1 6 19 35 54 71 90 104 122 131 138 142 144 142 138 131 122 104 90 71 54 35 19 6 1 
53 57 68 76 77 89 91 94 100 107 109 105 108 110 98 95 81 79 74 60 45 45 29 20 12 
1 6 16 34 54 65 88 99 116 122 131 138 142 138 131 122 116 99 88 65 54 34 16 6 1 
39 45 64 70 76 85 91 92 98 100 99 101 105 95 95 81 79 74 62 58 45 35 20 12 
4 16 30 46 60 81 91 104 110 122 131 131 131 122 110 104 91 81 60 46 30 16 4 
37 55 57 68 74 77 83 87 94 92 92 99 91 91 81 79 64 64 50 45 35 25 12 
2 9 24 38 54 66 83 97 104 116 122 122 122 116 104 97 83 66 54 38 24 9 2 
32 43 55 64 68 70 79 77 79 86 82 84 84 74 74 64 62 50 35 35 15 
1 6 16 30 46 57 71 83 91 99 104 104 104 99 91 83 71 57 46 30 16 6 1 
30 47 49 53 64 62 65 73 69 71 76 70 72 62 62 50 38 35 25 
1 9 19 34 46 57 66 81 88 90 91 90 88 81 66 57 46 34 19 9 1 
34 36 47 47 52 60 56 59 59 61 63 55 55 45 35 25 15 
1 4 12 19 34 46 54 60 65 71 72 71 65 60 54 46 34 19 12 4 1 
24 32 39 41 43 50 48 50 44 49 43 45 35 25 
1 3 12 19 30 38 46 54 54 54 54 54 46 38 30 19 12 3 1 
24 28 30 33 37 33 36 36 36 28 20 
1 4 9 16 24 30 34 35 35 35 34 30 24 16 9 4 1 
13 22 22 22 25 21 21 9 
1 1 6 9 16 16 19 19 19 16 16 9 6 1 1 
11 9 14 10 
1 2 4 6 6 6 6 6 4 2 1 
5 
1 1 1 1 1 
