18 0 0 0 9 0 0 0 0 0 0 0 0 0 0 0 0 0 0 0 9 
18 0 0 0 9 0 0 0 0 0 0 0 0 0 0 0 0 0 0 0 9 
18 0 18 0 0 0 0 0 0 0 0 0 0 0 0 0 0 0 0 0 18 0 18 
18 0 18 0 0 0 0 0 0 0 0 0 0 0 0 0 0 0 0 0 18 0 18 
18 0 0 0 0 0 0 0 0 0 0 0 0 0 0 0 0 0 0 0 18 
18 0 0 0 0 0 0 0 0 0 0 0 0 0 0 0 0 0 0 0 18 
18 0 0 0 0 9 0 0 0 0 0 0 0 0 0 0 0 0 0 9 
18 0 0 0 0 9 0 0 0 0 0 0 0 0 0 0 0 0 0 9 
18 0 0 18 0 0 0 0 0 0 0 0 0 0 0 0 0 0 0 18 0 0 18 
18 0 0 18 0 0 0 0 0 0 0 0 0 0 0 0 0 0 0 18 0 0 18 
18 0 18 18 0 0 9 0 0 0 0 0 0 0 0 0 0 0 9 0 0 18 18 
18 0 18 18 0 0 9 0 0 0 0 0 0 0 0 0 0 0 9 0 0 18 18 
18 18 0 0 0 18 0 9 0 0 0 0 0 0 0 0 0 9 0 18 0 0 0 18 
18 18 0 0 0 18 0 9 0 0 0 0 0 0 0 0 0 9 0 18 0 0 0 18 
18 18 18 0 0 0 0 0 0 0 0 0 0 0 0 0 0 0 18 18 18 
18 18 18 0 0 0 0 0 0 0 0 0 0 0 0 0 0 0 18 18 18 
18 18 0 0 0 0 18 0 9 0 0 0 0 0 0 0 9 0 18 0 0 0 0 18 
18 18 0 0 0 0 18 0 9 0 0 0 0 0 0 0 9 0 18 0 0 0 0 18 
18 0 0 0 0 0 0 0 0 9 0 0 0 0 0 9 
18 0 0 0 0 0 0 0 0 9 0 0 0 0 0 9 
45 90 54 36 36 36 18 36 18 18 27 27 18 27 27 18 18 36 18 36 36 36 54 90 9 
45 90 54 36 36 36 18 36 18 18 27 27 18 27 27 18 18 36 18 36 36 36 54 90 9 
81 36 18 18 18 18 18 18 18 18 18 18 18 18 18 18 18 18 18 18 18 36 81 
81 36 18 18 18 18 18 18 18 18 18 18 18 18 18 18 18 18 18 18 18 36 81 
81 54 36 18 18 36 18 36 18 18 18 18 18 18 18 36 18 36 18 18 36 54 81 
81 54 36 18 18 36 18 36 18 18 18 18 18 18 18 36 18 36 18 18 36 54 81 
63 54 36 36 36 18 18 18 36 18 18 18 18 18 36 18 18 18 36 36 36 54 63 
63 54 36 36 36 18 18 18 36 18 18 18 18 18 36 18 18 18 36 36 36 54 63 
45 99 36 18 18 18 36 18 18 36 36 36 36 36 18 18 36 18 18 18 36 99 45 
45 99 36 18 18 18 36 18 18 36 36 36 36 36 18 18 36 18 18 18 36 99 45 
81 54 36 18 36 18 36 18 18 18 18 18 18 18 36 18 36 18 36 54 81 
81 54 36 18 36 18 36 18 18 18 18 18 18 18 36 18 36 18 36 54 81 
63 36 36 36 18 18 18 18 18 18 18 18 18 18 18 18 18 36 36 36 63 
63 36 36 36 18 18 18 18 18 18 18 18 18 18 18 18 18 36 36 36 63 
63 72 36 18 18 36 18 36 36 18 18 18 36 36 18 36 18 18 36 72 63 
63 72 36 18 18 36 18 36 36 18 18 18 36 36 18 36 18 18 36 72 63 
27 81 36 36 36 18 18 18 18 36 36 36 18 18 18 18 36 36 36 81 27 
27 81 36 36 36 18 18 18 18 36 36 36 18 18 18 18 36 36 36 81 27 
81 36 18 18 18 36 18 18 18 18 18 18 18 36 18 18 18 36 81 
81 36 18 18 18 36 18 18 18 18 18 18 18 36 18 18 18 36 81 
63 54 36 18 36 18 36 18 18 18 18 18 36 18 36 18 36 54 63 
63 54 36 18 36 18 36 18 18 18 18 18 36 18 36 18 36 54 63 
45 81 36 36 18 18 18 36 36 36 36 36 18 18 18 36 36 81 45 
45 81 36 36 18 18 18 36 36 36 36 36 18 18 18 36 36 81 45 
81 36 18 18 36 18 18 18 18 18 18 18 36 18 18 36 81 
81 36 18 18 36 18 18 18 18 18 18 18 36 18 18 36 81 
63 54 36 36 18 36 18 18 18 18 18 36 18 36 36 54 63 
63 54 36 36 18 36 18 18 18 18 18 36 18 36 36 54 63 
45 81 36 18 36 18 36 36 36 36 36 18 36 18 36 81 45 
45 81 36 18 36 18 36 36 36 36 36 18 36 18 36 81 45 
63 54 36 18 36 18 18 18 18 18 36 18 36 54 63 
63 54 36 18 36 18 18 18 18 18 36 18 36 54 63 
45 54 36 36 18 36 18 18 18 36 18 36 36 54 45 
45 54 36 36 18 36 18 18 18 36 18 36 36 54 45 
27 63 36 18 18 18 36 36 36 18 18 18 36 63 27 
27 63 36 18 18 18 36 36 36 18 18 18 36 63 27 
63 36 36 36 18 18 18 18 18 36 36 36 63 
63 36 36 36 18 18 18 18 18 36 36 36 63 
45 63 18 18 36 36 36 36 36 18 18 63 45 
45 63 18 18 36 36 36 36 36 18 18 63 45 
63 54 36 36 18 18 18 36 36 54 63 
63 54 36 36 18 18 18 36 36 54 63 
27 63 36 18 36 36 36 18 36 63 27 
27 63 36 18 36 36 36 18 36 63 27 
45 36 36 18 18 18 36 36 45 
45 36 36 18 18 18 36 36 45 
27 45 36 36 36 36 36 45 27 
27 45 36 36 36 36 36 45 27 
27 45 36 36 36 45 27 
27 45 36 36 36 45 27 
27 45 45 45 27 
27 45 45 45 27 
18 0 0 18 0 18 0 18 0 18 18 45 
9 9 9 9 9 9 9 9 9 9 9 9 9 9 9 9 9 
18 0 0 18 0 0 18 0 18 0 90 81 81 63 45 
9 9 9 9 9 27 36 45 45 36 45 45 36 27 9 9 9 9 9 
18 0 0 18 0 0 18 0 0 54 36 54 54 99 81 63 63 27 
9 9 9 9 27 45 36 45 36 45 45 45 36 45 36 45 27 9 9 9 9 
18 0 0 0 18 0 0 18 0 0 36 18 36 36 36 54 36 72 81 81 63 45 
9 9 9 9 36 36 36 45 36 45 36 36 36 45 36 45 36 36 36 9 9 9 9 
9 0 0 0 18 0 0 0 18 0 0 36 18 18 36 18 36 36 36 36 36 54 81 81 63 45 
9 9 9 9 36 36 36 36 36 36 36 36 36 36 36 36 36 36 36 36 36 9 9 9 
9 0 0 0 18 0 0 0 36 18 18 36 18 18 36 18 36 18 36 36 36 54 81 63 45 27 
9 9 9 36 36 27 36 36 27 27 27 36 36 36 27 27 27 36 36 27 36 36 9 9 
9 0 0 0 18 0 18 18 36 18 18 36 18 18 36 18 18 36 18 36 36 54 54 63 63 45 
9 9 27 36 36 36 27 27 27 36 36 27 27 27 36 36 27 27 27 36 36 36 27 9 
9 0 0 0 36 18 18 18 36 18 18 36 18 18 36 18 18 36 18 36 36 36 36 63 63 27 
9 9 45 36 36 36 27 27 27 27 18 27 27 27 18 27 27 27 27 36 36 36 45 9 
9 0 18 18 36 18 18 36 18 18 18 36 18 18 36 18 36 18 36 18 36 18 54 63 45 27 
9 27 36 45 36 27 27 27 27 18 27 27 27 27 27 18 27 27 27 27 36 45 36 27 
9 18 18 18 36 18 18 18 36 18 18 36 18 18 36 18 36 18 18 36 18 36 36 36 45 27 
9 36 45 36 36 27 36 27 18 18 18 18 18 18 18 18 18 27 36 27 36 36 45 36 
27 18 18 18 36 18 18 36 18 18 18 36 18 18 36 18 36 18 18 36 36 18 36 36 45 27 
9 45 36 45 36 27 36 18 27 18 18 18 18 18 18 18 27 18 36 27 36 45 36 45 
27 18 18 18 36 18 18 18 36 18 18 36 18 18 36 18 18 36 18 36 18 36 18 36 36 45 
9 45 45 36 36 36 27 27 27 18 18 9 9 9 18 18 27 27 27 36 36 36 45 45 
18 18 18 18 36 18 18 18 36 18 18 36 18 18 36 18 18 36 18 36 18 36 18 36 36 45 
9 36 45 36 36 36 27 27 27 18 18 9 9 9 18 18 27 27 27 36 36 36 45 36 9 
27 18 18 18 36 18 18 18 36 18 18 36 18 18 36 18 18 36 18 36 18 36 18 36 36 45 
9 45 45 36 36 36 27 27 27 18 18 9 9 9 18 18 27 27 27 36 36 36 45 45 
27 18 18 18 36 18 18 36 18 18 18 36 18 18 36 18 36 18 18 36 36 18 36 36 45 27 
9 45 36 45 36 27 36 18 27 18 18 18 18 18 18 18 27 18 36 27 36 45 36 45 
9 18 18 18 36 18 18 18 36 18 18 36 18 18 36 18 36 18 18 36 18 36 36 36 45 27 
9 36 45 36 36 27 36 27 18 18 18 18 18 18 18 18 18 27 36 27 36 36 45 36 
9 0 18 18 36 18 18 36 18 18 18 36 18 18 36 18 36 18 36 18 36 18 54 63 45 27 
9 27 36 45 36 27 27 27 27 18 27 27 27 27 27 18 27 27 27 27 36 45 36 27 
9 0 0 0 36 18 18 18 36 18 18 36 18 18 36 18 18 36 18 36 36 36 36 63 63 27 
9 9 45 36 36 36 27 27 27 27 18 27 27 27 18 27 27 27 27 36 36 36 45 9 
9 0 0 0 18 0 18 18 36 18 18 36 18 18 36 18 18 36 18 36 36 54 54 63 63 45 
9 9 27 36 36 36 27 27 27 36 36 27 27 27 36 36 27 27 27 36 36 36 27 9 
9 0 0 0 18 0 0 0 36 18 18 36 18 18 36 18 36 18 36 36 36 54 81 63 45 27 
9 9 9 36 36 27 36 36 27 27 27 36 36 36 27 27 27 36 36 27 36 36 9 9 
9 0 0 0 18 0 0 0 18 0 0 36 18 18 36 18 36 36 36 36 36 54 81 81 63 45 
9 9 9 9 36 36 36 36 36 36 36 36 36 36 36 36 36 36 36 36 36 9 9 9 
18 0 0 0 18 0 0 18 0 0 36 18 36 36 36 54 36 72 81 81 63 45 
9 9 9 9 36 36 36 45 36 45 36 36 36 45 36 45 36 36 36 9 9 9 9 
18 0 0 18 0 0 18 0 0 54 36 54 54 99 81 63 63 27 
9 9 9 9 27 45 36 45 36 45 45 45 36 45 36 45 27 9 9 9 9 
18 0 0 18 0 0 18 0 18 0 90 81 81 63 45 
9 9 9 9 9 27 36 45 45 36 45 45 36 27 9 9 9 9 9 
9 
9 
18 0 0 18 0 18 0 18 0 18 18 45 
9 9 9 9 9 9 9 9 9 9 9 9 9 9 9 9 9 
18 0 0 18 0 0 18 0 18 0 90 81 81 63 45 
9 9 9 9 9 27 36 45 45 36 45 45 36 27 9 9 9 9 9 
18 0 0 18 0 0 18 0 0 54 36 54 54 99 81 63 63 27 
9 9 9 9 27 45 36 45 36 45 45 45 36 45 36 45 27 9 9 9 9 
18 0 0 0 18 0 0 18 0 0 36 18 36 36 36 54 36 72 81 81 63 45 
9 9 9 9 36 36 36 45 36 45 36 36 36 45 36 45 36 36 36 9 9 9 9 
9 0 0 0 18 0 0 0 18 0 0 36 18 18 36 18 36 36 36 36 36 54 81 81 63 45 
9 9 9 9 36 36 36 36 36 36 36 36 36 36 36 36 36 36 36 36 36 9 9 9 
9 0 0 0 18 0 0 0 36 18 18 36 18 18 36 18 36 18 36 36 36 54 81 63 45 27 
9 9 9 36 36 27 36 36 27 27 27 36 36 36 27 27 27 36 36 27 36 36 9 9 
9 0 0 0 18 0 18 18 36 18 18 36 18 18 36 18 18 36 18 36 36 54 54 63 63 45 
9 9 27 36 36 36 27 27 27 36 36 27 27 27 36 36 27 27 27 36 36 36 27 9 
9 0 0 0 36 18 18 18 36 18 18 36 18 18 36 18 18 36 18 36 36 36 36 63 63 27 
9 9 45 36 36 36 27 27 27 27 18 27 27 27 18 27 27 27 27 36 36 36 45 9 
9 0 18 18 36 18 18 36 18 18 18 36 18 18 36 18 36 18 36 18 36 18 54 63 45 27 
9 27 36 45 36 27 27 27 27 18 27 27 27 27 27 18 27 27 27 27 36 45 36 27 
9 18 18 18 36 18 18 18 36 18 18 36 18 18 36 18 36 18 18 36 18 36 36 36 45 27 
9 36 45 36 36 27 36 27 18 18 18 18 18 18 18 18 18 27 36 27 36 36 45 36 
27 18 18 18 36 18 18 36 18 18 18 36 18 18 36 18 36 18 18 36 36 18 36 36 45 27 
9 45 36 45 36 27 36 18 27 18 18 18 18 18 18 18 27 18 36 27 36 45 36 45 
27 18 18 18 36 18 18 18 36 18 18 36 18 18 36 18 18 36 18 36 18 36 18 36 36 45 
9 45 45 36 36 36 27 27 27 18 18 9 9 9 18 18 27 27 27 36 36 36 45 45 
18 18 18 18 36 18 18 18 36 18 18 36 18 18 36 18 18 36 18 36 18 36 18 36 36 45 
9 36 45 36 36 36 27 27 27 18 18 9 9 9 18 18 27 27 27 36 36 36 45 36 9 
27 18 18 18 36 18 18 18 36 18 18 36 18 18 36 18 18 36 18 36 18 36 18 36 36 45 
9 45 45 36 36 36 27 27 27 18 18 9 9 9 18 18 27 27 27 36 36 36 45 45 
27 18 18 18 36 18 18 36 18 18 18 36 18 18 36 18 36 18 18 36 36 18 36 36 45 27 
9 45 36 45 36 27 36 18 27 18 18 18 18 18 18 18 27 18 36 27 36 45 36 45 
9 18 18 18 36 18 18 18 36 18 18 36 18 18 36 18 36 18 18 36 18 36 36 36 45 27 
9 36 45 36 36 27 36 27 18 18 18 18 18 18 18 18 18 27 36 27 36 36 45 36 
9 0 18 18 36 18 18 36 18 18 18 36 18 18 36 18 36 18 36 18 36 18 54 63 45 27 
9 27 36 45 36 27 27 27 27 18 27 27 27 27 27 18 27 27 27 27 36 45 36 27 
9 0 0 0 36 18 18 18 36 18 18 36 18 18 36 18 18 36 18 36 36 36 36 63 63 27 
9 9 45 36 36 36 27 27 27 27 18 27 27 27 18 27 27 27 27 36 36 36 45 9 
9 0 0 0 18 0 18 18 36 18 18 36 18 18 36 18 18 36 18 36 36 54 54 63 63 45 
9 9 27 36 36 36 27 27 27 36 36 27 27 27 36 36 27 27 27 36 36 36 27 9 
9 0 0 0 18 0 0 0 36 18 18 36 18 18 36 18 36 18 36 36 36 54 81 63 45 27 
9 9 9 36 36 27 36 36 27 27 27 36 36 36 27 27 27 36 36 27 36 36 9 9 
9 0 0 0 18 0 0 0 18 0 0 36 18 18 36 18 36 36 36 36 36 54 81 81 63 45 
9 9 9 9 36 36 36 36 36 36 36 36 36 36 36 36 36 36 36 36 36 9 9 9 
18 0 0 0 18 0 0 18 0 0 36 18 36 36 36 54 36 72 81 81 63 45 
9 9 9 9 36 36 36 45 36 45 36 36 36 45 36 45 36 36 36 9 9 9 9 
18 0 0 18 0 0 18 0 0 54 36 54 54 99 81 63 63 27 
9 9 9 9 27 45 36 45 36 45 45 45 36 45 36 45 27 9 9 9 9 
18 0 0 18 0 0 18 0 18 0 90 81 81 63 45 
9 9 9 9 9 27 36 45 45 36 45 45 36 27 9 9 9 9 9 
9 
9 
