9 99 54 36 36 36 36 36 18 18 36 18 18 18 18 18 18 18 36 18 18 18 18 18 18 18 36 18 18 36 36 36 36 36 54 99 9 
9 99 54 36 36 36 36 36 18 18 36 18 18 18 18 18 18 18 36 18 18 18 18 18 18 18 36 18 18 36 36 36 36 36 54 99 9 
9 99 54 36 36 36 18 18 36 18 18 18 36 18 18 18 18 36 18 18 18 18 36 18 18 18 36 18 18 36 36 36 54 99 9 
9 99 54 36 36 36 18 18 36 18 18 18 36 18 18 18 18 36 18 18 18 18 36 18 18 18 36 18 18 36 36 36 54 99 9 
9 99 54 54 36 36 36 36 18 36 18 36 18 18 18 18 36 18 18 18 18 36 18 36 18 36 36 36 36 54 54 99 9 
9 99 54 54 36 36 36 36 18 36 18 36 18 18 18 18 36 18 18 18 18 36 18 36 18 36 36 36 36 54 54 99 9 
9 99 54 36 36 36 18 18 36 18 36 18 18 18 18 36 18 18 18 18 36 18 36 18 18 36 36 36 54 99 9 
9 99 54 36 36 36 18 18 36 18 36 18 18 18 18 36 18 18 18 18 36 18 36 18 18 36 36 36 54 99 9 
9 99 54 36 36 36 36 36 18 36 18 18 18 18 36 18 18 18 18 36 18 36 36 36 36 36 54 99 9 
9 99 54 36 36 36 36 36 18 36 18 18 18 18 36 18 18 18 18 36 18 36 36 36 36 36 54 99 9 
9 81 36 36 36 36 18 18 18 18 18 18 18 36 18 18 18 18 18 18 18 36 36 36 36 81 9 
9 81 36 36 36 36 18 18 18 18 18 18 18 36 18 18 18 18 18 18 18 36 36 36 36 81 9 
9 81 54 36 18 18 36 18 36 18 18 18 36 18 18 18 36 18 36 18 18 36 54 81 9 
9 81 54 36 18 18 36 18 36 18 18 18 36 18 18 18 36 18 36 18 18 36 54 81 9 
9 81 54 36 36 36 18 36 18 18 18 36 18 18 18 36 18 36 36 36 54 81 9 
9 81 54 36 36 36 18 36 18 18 18 36 18 18 18 36 18 36 36 36 54 81 9 
9 81 36 36 18 18 36 18 18 18 36 18 18 18 36 18 18 36 36 81 9 
9 81 36 36 18 18 36 18 18 18 36 18 18 18 36 18 18 36 36 81 9 
9 81 36 36 36 36 18 18 18 36 18 18 18 36 36 36 36 81 9 
9 81 36 36 36 36 18 18 18 36 18 18 18 36 36 36 36 81 9 
9 63 54 36 18 36 18 18 36 18 18 36 18 36 54 63 9 
9 63 54 36 18 36 18 18 36 18 18 36 18 36 54 63 9 
9 63 36 36 36 18 18 36 18 18 36 36 36 63 9 
9 63 36 36 36 18 18 36 18 18 36 36 36 63 9 
9 63 36 36 18 18 36 18 18 36 36 63 9 
9 63 36 36 18 18 36 18 18 36 36 63 9 
9 45 18 18 18 36 18 18 18 45 9 
9 45 18 18 18 36 18 18 18 45 9 
9 45 36 18 36 18 36 45 9 
9 45 36 18 36 18 36 45 9 
9 45 18 36 18 45 9 
9 45 18 36 18 45 9 
9 27 36 27 9 
9 27 36 27 9 
9 27 9 
9 27 9 
9 
9 
99 9 
9 9 9 9 9 18 9 9 9 9 9 
54 99 9 
9 9 9 9 9 9 9 9 18 9 9 9 9 9 9 9 9 
36 54 99 9 
9 9 9 9 18 9 9 9 9 18 9 9 9 9 18 9 9 9 9 
36 36 54 99 9 
9 9 9 9 9 9 18 9 9 9 9 18 9 9 9 9 18 9 9 9 9 9 9 
36 36 54 54 99 9 
9 9 9 18 9 18 9 18 9 9 9 9 18 9 9 9 9 18 9 18 9 18 9 9 9 
36 36 36 36 54 81 9 
9 18 9 9 9 9 18 9 9 9 9 9 9 18 9 9 9 9 9 9 18 9 9 9 9 18 9 
36 18 36 36 36 36 81 9 
9 9 9 9 18 9 9 9 9 9 9 9 9 9 18 9 9 9 9 9 9 9 9 9 18 9 9 9 9 
18 18 36 36 36 36 54 81 9 
9 9 9 18 9 9 18 9 9 9 18 9 9 9 18 9 9 9 18 9 9 9 18 9 9 18 9 9 9 
18 36 36 18 36 36 36 54 81 9 
9 9 18 9 9 9 18 9 9 18 9 18 9 9 9 18 9 9 9 18 9 18 9 9 18 9 9 9 18 9 9 
36 18 18 18 36 36 18 36 36 81 9 
9 9 9 9 9 9 18 9 9 9 9 9 18 9 9 9 18 9 9 9 18 9 9 9 9 9 18 9 9 9 9 9 9 
18 18 36 36 36 18 18 36 36 36 63 9 
9 9 9 18 18 9 9 9 9 18 9 9 9 9 9 9 18 9 9 9 9 9 9 18 9 9 9 9 18 18 9 9 9 
18 18 18 18 18 18 36 36 18 36 54 63 9 
9 9 9 9 9 9 9 18 9 9 9 18 9 18 9 9 18 9 9 18 9 18 9 9 9 18 9 9 9 9 9 9 9 
18 36 36 36 36 18 18 18 18 36 36 36 63 9 
9 9 18 18 18 9 9 9 9 9 9 18 9 9 18 9 9 18 9 9 18 9 9 18 9 9 9 9 9 9 18 18 18 9 9 
18 18 18 18 18 18 36 36 36 36 18 36 36 45 9 
9 9 9 9 9 9 9 18 18 18 9 9 9 18 9 9 9 18 9 9 9 18 9 9 9 18 18 18 9 9 9 9 9 9 9 
18 18 18 18 18 18 18 18 18 18 36 36 36 18 45 9 
9 9 9 9 9 9 9 9 9 9 9 18 18 9 9 9 9 18 9 9 9 9 18 18 9 9 9 9 9 9 9 9 9 9 9 
18 18 18 18 18 18 18 18 18 18 18 18 18 18 36 45 9 
9 9 9 9 9 9 9 9 9 9 9 9 9 9 9 18 9 18 9 18 9 9 9 9 9 9 9 9 9 9 9 9 9 9 9 
18 18 18 18 18 18 18 18 18 18 18 18 18 18 18 18 27 9 
9 9 9 9 9 9 9 9 9 9 9 9 9 9 9 9 9 18 9 9 9 9 9 9 9 9 9 9 9 9 9 9 9 9 9 
36 36 36 36 36 36 36 36 36 36 36 36 36 36 36 36 36 27 
9 18 18 18 18 18 18 18 18 18 18 18 18 18 18 18 18 18 9 18 18 18 18 18 18 18 18 18 18 18 18 18 18 18 18 18 9 
18 18 18 18 18 18 18 18 18 18 18 18 18 18 18 18 27 9 
9 9 9 9 9 9 9 9 9 9 9 9 9 9 9 9 9 18 9 9 9 9 9 9 9 9 9 9 9 9 9 9 9 9 9 
18 18 18 18 18 18 18 18 18 18 18 18 18 18 36 45 9 
9 9 9 9 9 9 9 9 9 9 9 9 9 9 9 18 9 18 9 18 9 9 9 9 9 9 9 9 9 9 9 9 9 9 9 
18 18 18 18 18 18 18 18 18 18 36 36 36 18 45 9 
9 9 9 9 9 9 9 9 9 9 9 18 18 9 9 9 9 18 9 9 9 9 18 18 9 9 9 9 9 9 9 9 9 9 9 
18 18 18 18 18 18 36 36 36 36 18 36 36 45 9 
9 9 9 9 9 9 9 18 18 18 9 9 9 18 9 9 9 18 9 9 9 18 9 9 9 18 18 18 9 9 9 9 9 9 9 
18 36 36 36 36 18 18 18 18 36 36 36 63 9 
9 9 18 18 18 9 9 9 9 9 9 18 9 9 18 9 9 18 9 9 18 9 9 18 9 9 9 9 9 9 18 18 18 9 9 
18 18 18 18 18 18 36 36 18 36 54 63 9 
9 9 9 9 9 9 9 18 9 9 9 18 9 18 9 9 18 9 9 18 9 18 9 9 9 18 9 9 9 9 9 9 9 
18 18 36 36 36 18 18 36 36 36 63 9 
9 9 9 18 18 9 9 9 9 18 9 9 9 9 9 9 18 9 9 9 9 9 9 18 9 9 9 9 18 18 9 9 9 
36 18 18 18 36 36 18 36 36 81 9 
9 9 9 9 9 9 18 9 9 9 9 9 18 9 9 9 18 9 9 9 18 9 9 9 9 9 18 9 9 9 9 9 9 
18 36 36 18 36 36 36 54 81 9 
9 9 18 9 9 9 18 9 9 18 9 18 9 9 9 18 9 9 9 18 9 18 9 9 18 9 9 9 18 9 9 
18 18 36 36 36 36 54 81 9 
9 9 9 18 9 9 18 9 9 9 18 9 9 9 18 9 9 9 18 9 9 9 18 9 9 18 9 9 9 
36 18 36 36 36 36 81 9 
9 9 9 9 18 9 9 9 9 9 9 9 9 9 18 9 9 9 9 9 9 9 9 9 18 9 9 9 9 
36 36 36 36 54 81 9 
9 18 9 9 9 9 18 9 9 9 9 9 9 18 9 9 9 9 9 9 18 9 9 9 9 18 9 
36 36 54 54 99 9 
9 9 9 18 9 18 9 18 9 9 9 9 18 9 9 9 9 18 9 18 9 18 9 9 9 
36 36 54 99 9 
9 9 9 9 9 9 18 9 9 9 9 18 9 9 9 9 18 9 9 9 9 9 9 
36 54 99 9 
9 9 9 9 18 9 9 9 9 18 9 9 9 9 18 9 9 9 9 
54 99 9 
9 9 9 9 9 9 9 9 18 9 9 9 9 9 9 9 9 
99 9 
9 9 9 9 9 18 9 9 9 9 9 
9 
9 
9 
9 
99 9 
9 9 9 9 9 18 9 9 9 9 9 
54 99 9 
9 9 9 9 9 9 9 9 18 9 9 9 9 9 9 9 9 
36 54 99 9 
9 9 9 9 18 9 9 9 9 18 9 9 9 9 18 9 9 9 9 
36 36 54 99 9 
9 9 9 9 9 9 18 9 9 9 9 18 9 9 9 9 18 9 9 9 9 9 9 
36 36 54 54 99 9 
9 9 9 18 9 18 9 18 9 9 9 9 18 9 9 9 9 18 9 18 9 18 9 9 9 
36 36 36 36 54 81 9 
9 18 9 9 9 9 18 9 9 9 9 9 9 18 9 9 9 9 9 9 18 9 9 9 9 18 9 
36 18 36 36 36 36 81 9 
9 9 9 9 18 9 9 9 9 9 9 9 9 9 18 9 9 9 9 9 9 9 9 9 18 9 9 9 9 
18 18 36 36 36 36 54 81 9 
9 9 9 18 9 9 18 9 9 9 18 9 9 9 18 9 9 9 18 9 9 9 18 9 9 18 9 9 9 
18 36 36 18 36 36 36 54 81 9 
9 9 18 9 9 9 18 9 9 18 9 18 9 9 9 18 9 9 9 18 9 18 9 9 18 9 9 9 18 9 9 
36 18 18 18 36 36 18 36 36 81 9 
9 9 9 9 9 9 18 9 9 9 9 9 18 9 9 9 18 9 9 9 18 9 9 9 9 9 18 9 9 9 9 9 9 
18 18 36 36 36 18 18 36 36 36 63 9 
9 9 9 18 18 9 9 9 9 18 9 9 9 9 9 9 18 9 9 9 9 9 9 18 9 9 9 9 18 18 9 9 9 
18 18 18 18 18 18 36 36 18 36 54 63 9 
9 9 9 9 9 9 9 18 9 9 9 18 9 18 9 9 18 9 9 18 9 18 9 9 9 18 9 9 9 9 9 9 9 
18 36 36 36 36 18 18 18 18 36 36 36 63 9 
9 9 18 18 18 9 9 9 9 9 9 18 9 9 18 9 9 18 9 9 18 9 9 18 9 9 9 9 9 9 18 18 18 9 9 
18 18 18 18 18 18 36 36 36 36 18 36 36 45 9 
9 9 9 9 9 9 9 18 18 18 9 9 9 18 9 9 9 18 9 9 9 18 9 9 9 18 18 18 9 9 9 9 9 9 9 
18 18 18 18 18 18 18 18 18 18 36 36 36 18 45 9 
9 9 9 9 9 9 9 9 9 9 9 18 18 9 9 9 9 18 9 9 9 9 18 18 9 9 9 9 9 9 9 9 9 9 9 
18 18 18 18 18 18 18 18 18 18 18 18 18 18 36 45 9 
9 9 9 9 9 9 9 9 9 9 9 9 9 9 9 18 9 18 9 18 9 9 9 9 9 9 9 9 9 9 9 9 9 9 9 
18 18 18 18 18 18 18 18 18 18 18 18 18 18 18 18 27 9 
9 9 9 9 9 9 9 9 9 9 9 9 9 9 9 9 9 18 9 9 9 9 9 9 9 9 9 9 9 9 9 9 9 9 9 
36 36 36 36 36 36 36 36 36 36 36 36 36 36 36 36 36 27 
9 18 18 18 18 18 18 18 18 18 18 18 18 18 18 18 18 18 9 18 18 18 18 18 18 18 18 18 18 18 18 18 18 18 18 18 9 
18 18 18 18 18 18 18 18 18 18 18 18 18 18 18 18 27 9 
9 9 9 9 9 9 9 9 9 9 9 9 9 9 9 9 9 18 9 9 9 9 9 9 9 9 9 9 9 9 9 9 9 9 9 
18 18 18 18 18 18 18 18 18 18 18 18 18 18 36 45 9 
9 9 9 9 9 9 9 9 9 9 9 9 9 9 9 18 9 18 9 18 9 9 9 9 9 9 9 9 9 9 9 9 9 9 9 
18 18 18 18 18 18 18 18 18 18 36 36 36 18 45 9 
9 9 9 9 9 9 9 9 9 9 9 18 18 9 9 9 9 18 9 9 9 9 18 18 9 9 9 9 9 9 9 9 9 9 9 
18 18 18 18 18 18 36 36 36 36 18 36 36 45 9 
9 9 9 9 9 9 9 18 18 18 9 9 9 18 9 9 9 18 9 9 9 18 9 9 9 18 18 18 9 9 9 9 9 9 9 
18 36 36 36 36 18 18 18 18 36 36 36 63 9 
9 9 18 18 18 9 9 9 9 9 9 18 9 9 18 9 9 18 9 9 18 9 9 18 9 9 9 9 9 9 18 18 18 9 9 
18 18 18 18 18 18 36 36 18 36 54 63 9 
9 9 9 9 9 9 9 18 9 9 9 18 9 18 9 9 18 9 9 18 9 18 9 9 9 18 9 9 9 9 9 9 9 
18 18 36 36 36 18 18 36 36 36 63 9 
9 9 9 18 18 9 9 9 9 18 9 9 9 9 9 9 18 9 9 9 9 9 9 18 9 9 9 9 18 18 9 9 9 
36 18 18 18 36 36 18 36 36 81 9 
9 9 9 9 9 9 18 9 9 9 9 9 18 9 9 9 18 9 9 9 18 9 9 9 9 9 18 9 9 9 9 9 9 
18 36 36 18 36 36 36 54 81 9 
9 9 18 9 9 9 18 9 9 18 9 18 9 9 9 18 9 9 9 18 9 18 9 9 18 9 9 9 18 9 9 
18 18 36 36 36 36 54 81 9 
9 9 9 18 9 9 18 9 9 9 18 9 9 9 18 9 9 9 18 9 9 9 18 9 9 18 9 9 9 
36 18 36 36 36 36 81 9 
9 9 9 9 18 9 9 9 9 9 9 9 9 9 18 9 9 9 9 9 9 9 9 9 18 9 9 9 9 
36 36 36 36 54 81 9 
9 18 9 9 9 9 18 9 9 9 9 9 9 18 9 9 9 9 9 9 18 9 9 9 9 18 9 
36 36 54 54 99 9 
9 9 9 18 9 18 9 18 9 9 9 9 18 9 9 9 9 18 9 18 9 18 9 9 9 
36 36 54 99 9 
9 9 9 9 9 9 18 9 9 9 9 18 9 9 9 9 18 9 9 9 9 9 9 
36 54 99 9 
9 9 9 9 18 9 9 9 9 18 9 9 9 9 18 9 9 9 9 
54 99 9 
9 9 9 9 9 9 9 9 18 9 9 9 9 9 9 9 9 
99 9 
9 9 9 9 9 18 9 9 9 9 9 
9 
9 
