72 90 90 108 108 108 90 90 72 
27 81 81 81 81 63 0 0 0 0 0 0 0 0 0 0 0 0 0 63 81 81 81 81 27 
90 108 126 90 108 72 72 72 108 90 126 108 90 
45 99 90 54 54 54 90 81 63 0 0 0 0 0 0 0 0 0 63 81 90 54 54 54 90 99 45 
72 108 126 108 72 72 54 54 54 54 54 72 72 108 126 108 72 
99 90 72 54 54 54 54 54 99 63 0 0 0 0 0 0 0 63 99 54 54 54 54 54 72 90 99 
90 126 108 72 54 72 54 54 36 36 36 54 54 72 54 72 108 126 90 
135 54 54 36 36 36 54 54 72 72 81 0 0 0 0 0 81 72 72 54 54 36 36 36 54 54 135 
90 126 108 72 72 54 36 54 54 54 36 54 54 54 36 54 72 72 108 126 90 
153 54 54 36 36 36 54 36 54 54 108 63 0 0 0 63 108 54 54 36 54 36 36 36 54 54 153 
72 126 108 72 72 54 54 54 36 36 36 36 36 36 36 54 54 54 72 72 108 126 72 
171 54 54 36 36 36 36 36 54 54 72 99 0 0 0 99 72 54 54 36 36 36 36 36 54 54 171 
108 108 72 72 54 54 36 36 54 54 54 36 54 54 54 36 36 54 54 72 72 108 108 
189 54 36 18 18 18 36 18 54 54 54 108 63 0 63 108 54 54 54 18 36 18 18 18 36 54 189 
90 126 72 72 54 54 36 36 54 36 54 54 54 54 54 36 54 36 36 54 54 72 72 126 90 
189 81 36 36 36 36 36 36 36 36 54 72 81 0 81 72 54 36 36 36 36 36 36 36 36 81 189 
108 108 54 54 54 36 36 54 54 54 45 45 63 45 45 54 54 54 36 36 54 54 54 108 108 
162 117 45 18 18 18 36 18 36 36 36 72 99 45 99 72 36 36 36 18 36 18 18 18 45 117 162 
72 126 72 72 36 54 36 54 54 54 63 45 27 27 27 45 63 54 54 54 36 54 36 72 72 126 72 
144 108 99 36 36 36 18 36 36 18 54 54 72 63 72 54 54 18 36 36 18 36 36 36 99 108 144 
90 90 72 54 54 36 54 36 54 63 45 45 45 27 45 45 45 63 54 36 54 36 54 54 72 90 90 
126 90 108 63 18 18 36 18 36 36 36 54 72 81 72 54 36 36 36 18 36 18 18 63 108 90 126 
90 108 54 54 54 36 54 54 45 45 45 45 63 45 63 45 45 45 45 54 54 36 54 54 54 108 90 
126 72 72 72 63 45 36 18 36 36 36 54 54 99 54 54 36 36 36 18 36 45 63 72 72 72 126 
108 72 54 36 54 36 54 54 45 27 45 63 63 63 63 63 45 27 45 54 54 36 54 36 54 72 108 
126 72 54 54 54 63 45 27 36 18 36 54 54 99 54 54 36 18 36 27 45 63 54 54 54 72 126 
108 72 54 36 36 36 36 54 63 27 27 45 63 117 63 45 27 27 63 54 36 36 36 36 54 72 108 
126 72 54 36 36 54 36 45 45 27 27 45 63 99 63 45 27 27 45 45 36 54 36 36 54 72 126 
108 72 54 36 54 36 54 54 45 27 45 63 63 63 63 63 45 27 45 54 54 36 54 36 54 72 108 
126 72 54 54 54 63 45 27 36 18 36 54 54 99 54 54 36 18 36 27 45 63 54 54 54 72 126 
90 108 54 54 54 36 54 54 45 45 45 45 63 45 63 45 45 45 45 54 54 36 54 54 54 108 90 
126 72 72 72 63 45 36 18 36 36 36 54 54 99 54 54 36 36 36 18 36 45 63 72 72 72 126 
90 90 72 54 54 36 54 36 54 63 45 45 45 27 45 45 45 63 54 36 54 36 54 54 72 90 90 
126 90 108 63 18 18 36 18 36 36 36 54 72 81 72 54 36 36 36 18 36 18 18 63 108 90 126 
72 126 72 72 36 54 36 54 54 54 63 45 27 27 27 45 63 54 54 54 36 54 36 72 72 126 72 
144 108 99 36 36 36 18 36 36 18 54 54 72 63 72 54 54 18 36 36 18 36 36 36 99 108 144 
108 108 54 54 54 36 36 54 54 54 45 45 63 45 45 54 54 54 36 36 54 54 54 108 108 
162 117 45 18 18 18 36 18 36 36 36 72 99 45 99 72 36 36 36 18 36 18 18 18 45 117 162 
90 126 72 72 54 54 36 36 54 36 54 54 54 54 54 36 54 36 36 54 54 72 72 126 90 
189 81 36 36 36 36 36 36 36 36 54 72 81 0 81 72 54 36 36 36 36 36 36 36 36 81 189 
108 108 72 72 54 54 36 36 54 54 54 36 54 54 54 36 36 54 54 72 72 108 108 
189 54 36 18 18 18 36 18 54 54 54 108 63 0 63 108 54 54 54 18 36 18 18 18 36 54 189 
72 126 108 72 72 54 54 54 36 36 36 36 36 36 36 54 54 54 72 72 108 126 72 
171 54 54 36 36 36 36 36 54 54 72 99 0 0 0 99 72 54 54 36 36 36 36 36 54 54 171 
90 126 108 72 72 54 36 54 54 54 36 54 54 54 36 54 72 72 108 126 90 
153 54 54 36 36 36 54 36 54 54 108 63 0 0 0 63 108 54 54 36 54 36 36 36 54 54 153 
90 126 108 72 54 72 54 54 36 36 36 54 54 72 54 72 108 126 90 
135 54 54 36 36 36 54 54 72 72 81 0 0 0 0 0 81 72 72 54 54 36 36 36 54 54 135 
72 108 126 108 72 72 54 54 54 54 54 72 72 108 126 108 72 
99 90 72 54 54 54 54 54 99 63 0 0 0 0 0 0 0 63 99 54 54 54 54 54 72 90 99 
90 108 126 90 108 72 72 72 108 90 126 108 90 
45 99 90 54 54 54 90 81 63 0 0 0 0 0 0 0 0 0 63 81 90 54 54 54 90 99 45 
72 90 90 108 108 108 90 90 72 
27 81 81 81 81 63 0 0 0 0 0 0 0 0 0 0 0 0 0 63 81 81 81 81 27 
72 90 90 108 108 108 90 90 72 
27 81 81 81 81 63 0 0 0 0 0 0 0 0 0 0 0 0 0 63 81 81 81 81 27 
90 108 126 90 108 72 72 72 108 90 126 108 90 
45 99 90 54 54 54 90 81 63 0 0 0 0 0 0 0 0 0 63 81 90 54 54 54 90 99 45 
72 108 126 108 72 72 54 54 54 54 54 72 72 108 126 108 72 
99 90 72 54 54 54 54 54 99 63 0 0 0 0 0 0 0 63 99 54 54 54 54 54 72 90 99 
90 126 108 72 54 72 54 54 36 36 36 54 54 72 54 72 108 126 90 
135 54 54 36 36 36 54 54 72 72 81 0 0 0 0 0 81 72 72 54 54 36 36 36 54 54 135 
90 126 108 72 72 54 36 54 54 54 36 54 54 54 36 54 72 72 108 126 90 
153 54 54 36 36 36 54 36 54 54 108 63 0 0 0 63 108 54 54 36 54 36 36 36 54 54 153 
72 126 108 72 72 54 54 54 36 36 36 36 36 36 36 54 54 54 72 72 108 126 72 
171 54 54 36 36 36 36 36 54 54 72 99 0 0 0 99 72 54 54 36 36 36 36 36 54 54 171 
108 108 72 72 54 54 36 36 54 54 54 36 54 54 54 36 36 54 54 72 72 108 108 
189 54 36 18 18 18 36 18 54 54 54 108 63 0 63 108 54 54 54 18 36 18 18 18 36 54 189 
90 126 72 72 54 54 36 36 54 36 54 54 54 54 54 36 54 36 36 54 54 72 72 126 90 
189 81 36 36 36 36 36 36 36 36 54 72 81 0 81 72 54 36 36 36 36 36 36 36 36 81 189 
108 108 54 54 54 36 36 54 54 54 45 45 63 45 45 54 54 54 36 36 54 54 54 108 108 
162 117 45 18 18 18 36 18 36 36 36 72 99 45 99 72 36 36 36 18 36 18 18 18 45 117 162 
72 126 72 72 36 54 36 54 54 54 63 45 27 27 27 45 63 54 54 54 36 54 36 72 72 126 72 
144 108 99 36 36 36 18 36 36 18 54 54 72 63 72 54 54 18 36 36 18 36 36 36 99 108 144 
90 90 72 54 54 36 54 36 54 63 45 45 45 27 45 45 45 63 54 36 54 36 54 54 72 90 90 
126 90 108 63 18 18 36 18 36 36 36 54 72 81 72 54 36 36 36 18 36 18 18 63 108 90 126 
90 108 54 54 54 36 54 54 45 45 45 45 63 45 63 45 45 45 45 54 54 36 54 54 54 108 90 
126 72 72 72 63 45 36 18 36 36 36 54 54 99 54 54 36 36 36 18 36 45 63 72 72 72 126 
108 72 54 36 54 36 54 54 45 27 45 63 63 63 63 63 45 27 45 54 54 36 54 36 54 72 108 
126 72 54 54 54 63 45 27 36 18 36 54 54 99 54 54 36 18 36 27 45 63 54 54 54 72 126 
108 72 54 36 36 36 36 54 63 27 27 45 63 117 63 45 27 27 63 54 36 36 36 36 54 72 108 
126 72 54 36 36 54 36 45 45 27 27 45 63 99 63 45 27 27 45 45 36 54 36 36 54 72 126 
108 72 54 36 54 36 54 54 45 27 45 63 63 63 63 63 45 27 45 54 54 36 54 36 54 72 108 
126 72 54 54 54 63 45 27 36 18 36 54 54 99 54 54 36 18 36 27 45 63 54 54 54 72 126 
90 108 54 54 54 36 54 54 45 45 45 45 63 45 63 45 45 45 45 54 54 36 54 54 54 108 90 
126 72 72 72 63 45 36 18 36 36 36 54 54 99 54 54 36 36 36 18 36 45 63 72 72 72 126 
90 90 72 54 54 36 54 36 54 63 45 45 45 27 45 45 45 63 54 36 54 36 54 54 72 90 90 
126 90 108 63 18 18 36 18 36 36 36 54 72 81 72 54 36 36 36 18 36 18 18 63 108 90 126 
72 126 72 72 36 54 36 54 54 54 63 45 27 27 27 45 63 54 54 54 36 54 36 72 72 126 72 
144 108 99 36 36 36 18 36 36 18 54 54 72 63 72 54 54 18 36 36 18 36 36 36 99 108 144 
108 108 54 54 54 36 36 54 54 54 45 45 63 45 45 54 54 54 36 36 54 54 54 108 108 
162 117 45 18 18 18 36 18 36 36 36 72 99 45 99 72 36 36 36 18 36 18 18 18 45 117 162 
90 126 72 72 54 54 36 36 54 36 54 54 54 54 54 36 54 36 36 54 54 72 72 126 90 
189 81 36 36 36 36 36 36 36 36 54 72 81 0 81 72 54 36 36 36 36 36 36 36 36 81 189 
108 108 72 72 54 54 36 36 54 54 54 36 54 54 54 36 36 54 54 72 72 108 108 
189 54 36 18 18 18 36 18 54 54 54 108 63 0 63 108 54 54 54 18 36 18 18 18 36 54 189 
72 126 108 72 72 54 54 54 36 36 36 36 36 36 36 54 54 54 72 72 108 126 72 
171 54 54 36 36 36 36 36 54 54 72 99 0 0 0 99 72 54 54 36 36 36 36 36 54 54 171 
90 126 108 72 72 54 36 54 54 54 36 54 54 54 36 54 72 72 108 126 90 
153 54 54 36 36 36 54 36 54 54 108 63 0 0 0 63 108 54 54 36 54 36 36 36 54 54 153 
90 126 108 72 54 72 54 54 36 36 36 54 54 72 54 72 108 126 90 
135 54 54 36 36 36 54 54 72 72 81 0 0 0 0 0 81 72 72 54 54 36 36 36 54 54 135 
72 108 126 108 72 72 54 54 54 54 54 72 72 108 126 108 72 
99 90 72 54 54 54 54 54 99 63 0 0 0 0 0 0 0 63 99 54 54 54 54 54 72 90 99 
90 108 126 90 108 72 72 72 108 90 126 108 90 
45 99 90 54 54 54 90 81 63 0 0 0 0 0 0 0 0 0 63 81 90 54 54 54 90 99 45 
72 90 90 108 108 108 90 90 72 
27 81 81 81 81 63 0 0 0 0 0 0 0 0 0 0 0 0 0 63 81 81 81 81 27 
45 99 135 153 171 189 189 162 144 126 126 126 126 126 126 126 144 162 189 189 171 153 135 99 45 
45 99 135 153 171 189 189 162 144 126 126 126 126 126 126 126 144 162 189 189 171 153 135 99 45 
27 99 90 54 54 54 54 81 117 108 90 72 72 72 72 72 90 108 117 81 54 54 54 54 90 99 27 
27 99 90 54 54 54 54 81 117 108 90 72 72 72 72 72 90 108 117 81 54 54 54 54 90 99 27 
81 90 72 54 54 54 36 36 45 99 108 72 54 54 54 72 108 99 45 36 36 54 54 54 72 90 81 
81 90 72 54 54 54 36 36 45 99 108 72 54 54 54 72 108 99 45 36 36 54 54 54 72 90 81 
81 54 54 36 36 36 18 36 18 36 63 72 54 36 54 72 63 36 18 36 18 36 36 36 54 54 81 
81 54 54 36 36 36 18 36 18 36 63 72 54 36 54 72 63 36 18 36 18 36 36 36 54 54 81 
81 54 54 36 36 36 18 36 18 36 18 63 54 36 54 63 18 36 18 36 18 36 36 36 54 54 81 
81 54 54 36 36 36 18 36 18 36 18 63 54 36 54 63 18 36 18 36 18 36 36 36 54 54 81 
81 54 54 36 36 36 18 36 18 36 18 45 63 54 63 45 18 36 18 36 18 36 36 36 54 54 81 
81 54 54 36 36 36 18 36 18 36 18 45 63 54 63 45 18 36 18 36 18 36 36 36 54 54 81 
63 90 54 54 54 36 36 36 36 18 36 36 45 36 45 36 36 18 36 36 36 36 54 54 54 90 63 
63 90 54 54 54 36 36 36 36 18 36 36 45 36 45 36 36 18 36 36 36 36 54 54 54 90 63 
81 54 54 36 36 18 36 18 36 18 18 27 45 27 18 18 36 18 36 18 36 36 54 54 81 
81 54 54 36 36 18 36 18 36 18 18 27 45 27 18 18 36 18 36 18 36 36 54 54 81 
63 99 72 54 54 54 36 36 36 36 36 36 45 36 36 36 36 36 36 54 54 54 72 99 63 
63 99 72 54 54 54 36 36 36 36 36 36 45 36 36 36 36 36 36 54 54 54 72 99 63 
63 72 54 54 54 36 36 18 36 36 18 27 18 36 36 18 36 36 54 54 54 72 63 
63 72 54 54 54 36 36 18 36 36 18 27 18 36 36 18 36 36 54 54 54 72 63 
81 108 72 54 54 36 54 36 36 36 27 36 36 36 54 36 54 54 72 108 81 
81 108 72 54 54 36 54 36 36 36 27 36 36 36 54 36 54 54 72 108 81 
63 99 108 72 72 54 54 54 54 45 54 54 54 54 72 72 108 99 63 
63 99 108 72 72 54 54 54 54 45 54 54 54 54 72 72 108 99 63 
63 81 99 72 72 54 54 63 54 54 72 72 99 81 63 
63 81 99 72 72 54 54 63 54 54 72 72 99 81 63 
45 63 81 99 99 99 99 99 81 63 45 
45 63 81 99 99 99 99 99 81 63 45 
63 81 99 72 72 54 54 63 54 54 72 72 99 81 63 
63 81 99 72 72 54 54 63 54 54 72 72 99 81 63 
63 99 108 72 72 54 54 54 54 45 54 54 54 54 72 72 108 99 63 
63 99 108 72 72 54 54 54 54 45 54 54 54 54 72 72 108 99 63 
81 108 72 54 54 36 54 36 36 36 27 36 36 36 54 36 54 54 72 108 81 
81 108 72 54 54 36 54 36 36 36 27 36 36 36 54 36 54 54 72 108 81 
63 72 54 54 54 36 36 18 36 36 18 27 18 36 36 18 36 36 54 54 54 72 63 
63 72 54 54 54 36 36 18 36 36 18 27 18 36 36 18 36 36 54 54 54 72 63 
63 99 72 54 54 54 36 36 36 36 36 36 45 36 36 36 36 36 36 54 54 54 72 99 63 
63 99 72 54 54 54 36 36 36 36 36 36 45 36 36 36 36 36 36 54 54 54 72 99 63 
81 54 54 36 36 18 36 18 36 18 18 27 45 27 18 18 36 18 36 18 36 36 54 54 81 
81 54 54 36 36 18 36 18 36 18 18 27 45 27 18 18 36 18 36 18 36 36 54 54 81 
63 90 54 54 54 36 36 36 36 18 36 36 45 36 45 36 36 18 36 36 36 36 54 54 54 90 63 
63 90 54 54 54 36 36 36 36 18 36 36 45 36 45 36 36 18 36 36 36 36 54 54 54 90 63 
81 54 54 36 36 36 18 36 18 36 18 45 63 54 63 45 18 36 18 36 18 36 36 36 54 54 81 
81 54 54 36 36 36 18 36 18 36 18 45 63 54 63 45 18 36 18 36 18 36 36 36 54 54 81 
81 54 54 36 36 36 18 36 18 36 18 63 54 36 54 63 18 36 18 36 18 36 36 36 54 54 81 
81 54 54 36 36 36 18 36 18 36 18 63 54 36 54 63 18 36 18 36 18 36 36 36 54 54 81 
81 54 54 36 36 36 18 36 18 36 63 72 54 36 54 72 63 36 18 36 18 36 36 36 54 54 81 
81 54 54 36 36 36 18 36 18 36 63 72 54 36 54 72 63 36 18 36 18 36 36 36 54 54 81 
81 90 72 54 54 54 36 36 45 99 108 72 54 54 54 72 108 99 45 36 36 54 54 54 72 90 81 
81 90 72 54 54 54 36 36 45 99 108 72 54 54 54 72 108 99 45 36 36 54 54 54 72 90 81 
27 99 90 54 54 54 54 81 117 108 90 72 72 72 72 72 90 108 117 81 54 54 54 54 90 99 27 
27 99 90 54 54 54 54 81 117 108 90 72 72 72 72 72 90 108 117 81 54 54 54 54 90 99 27 
45 99 135 153 171 189 189 162 144 126 126 126 126 126 126 126 144 162 189 189 171 153 135 99 45 
45 99 135 153 171 189 189 162 144 126 126 126 126 126 126 126 144 162 189 189 171 153 135 99 45 
