4 4 6 6 6 4 4 
3 7 7 0 0 0 0 0 0 0 0 0 0 0 0 0 7 7 3 
4 6 8 12 14 16 16 16 14 12 8 6 4 
3 11 13 13 14 14 0 0 0 0 0 0 0 0 0 14 14 13 13 11 3 
2 4 8 14 18 24 24 24 26 24 24 24 18 14 8 4 2 
7 9 13 17 24 24 22 15 0 0 0 0 0 0 0 15 22 24 24 17 13 9 7 
4 8 14 22 24 32 38 38 40 40 40 38 38 32 24 22 14 8 4 
3 11 13 24 26 32 32 37 35 27 0 0 0 0 0 27 35 37 32 32 26 24 13 11 3 
4 8 14 24 32 38 42 50 52 54 58 54 52 50 42 38 32 24 14 8 4 
9 15 22 30 32 39 45 45 44 40 26 0 0 0 26 40 44 45 45 39 32 30 22 15 9 
2 8 14 24 34 40 52 58 60 64 64 64 64 64 60 58 52 40 34 24 14 8 2 
5 13 17 28 34 45 47 51 56 58 54 44 0 0 0 44 54 58 56 51 47 45 34 28 17 13 5 
4 14 24 34 42 52 60 64 74 82 82 86 82 82 74 64 60 52 42 34 24 14 4 
9 15 24 32 41 51 54 62 66 66 63 57 35 0 35 57 63 66 66 62 54 51 41 32 24 15 9 
4 8 22 32 40 52 60 72 82 88 88 88 92 88 88 88 82 72 60 52 40 32 22 8 4 
11 18 28 36 49 55 66 68 71 81 77 69 53 0 53 69 77 81 71 68 66 55 49 36 28 18 11 
6 14 24 38 52 60 72 84 88 90 100 102 104 102 100 90 88 84 72 60 52 38 24 14 6 
8 22 32 41 55 59 70 75 85 85 83 84 68 30 68 84 83 85 85 75 70 59 55 41 32 22 8 
8 18 32 42 58 64 82 88 94 104 106 106 106 106 106 104 94 88 82 64 58 42 32 18 8 
8 22 34 47 57 62 76 87 89 94 96 88 74 42 74 88 96 94 89 87 76 62 57 47 34 22 8 
4 12 24 38 50 60 74 88 90 104 110 107 113 109 113 107 110 104 90 88 74 60 50 38 24 12 4 
6 18 36 51 62 72 80 89 97 104 100 97 87 59 87 97 100 104 97 89 80 72 62 51 36 18 6 
4 14 24 38 52 64 82 88 100 106 107 115 113 109 113 115 107 106 100 88 82 64 52 38 24 14 4 
6 16 34 48 66 72 83 93 100 104 105 107 91 73 91 107 105 104 100 93 83 72 66 48 34 16 6 
6 16 24 40 54 64 82 88 102 106 113 113 112 104 112 113 113 106 102 88 82 64 54 40 24 16 6 
6 14 30 46 66 74 87 93 102 106 107 107 96 76 96 107 107 106 102 93 87 74 66 46 30 14 6 
6 16 26 40 58 64 86 92 104 106 109 109 104 87 104 109 109 106 104 92 86 64 58 40 26 16 6 
6 16 24 40 58 70 84 95 106 110 111 109 96 77 96 109 111 110 106 95 84 70 58 40 24 16 6 
6 16 24 40 54 64 82 88 102 106 113 113 112 104 112 113 113 106 102 88 82 64 54 40 24 16 6 
6 14 30 46 66 74 87 93 102 106 107 107 96 76 96 107 107 106 102 93 87 74 66 46 30 14 6 
4 14 24 38 52 64 82 88 100 106 107 115 113 109 113 115 107 106 100 88 82 64 52 38 24 14 4 
6 16 34 48 66 72 83 93 100 104 105 107 91 73 91 107 105 104 100 93 83 72 66 48 34 16 6 
4 12 24 38 50 60 74 88 90 104 110 107 113 109 113 107 110 104 90 88 74 60 50 38 24 12 4 
6 18 36 51 62 72 80 89 97 104 100 97 87 59 87 97 100 104 97 89 80 72 62 51 36 18 6 
8 18 32 42 58 64 82 88 94 104 106 106 106 106 106 104 94 88 82 64 58 42 32 18 8 
8 22 34 47 57 62 76 87 89 94 96 88 74 42 74 88 96 94 89 87 76 62 57 47 34 22 8 
6 14 24 38 52 60 72 84 88 90 100 102 104 102 100 90 88 84 72 60 52 38 24 14 6 
8 22 32 41 55 59 70 75 85 85 83 84 68 30 68 84 83 85 85 75 70 59 55 41 32 22 8 
4 8 22 32 40 52 60 72 82 88 88 88 92 88 88 88 82 72 60 52 40 32 22 8 4 
11 18 28 36 49 55 66 68 71 81 77 69 53 0 53 69 77 81 71 68 66 55 49 36 28 18 11 
4 14 24 34 42 52 60 64 74 82 82 86 82 82 74 64 60 52 42 34 24 14 4 
9 15 24 32 41 51 54 62 66 66 63 57 35 0 35 57 63 66 66 62 54 51 41 32 24 15 9 
2 8 14 24 34 40 52 58 60 64 64 64 64 64 60 58 52 40 34 24 14 8 2 
5 13 17 28 34 45 47 51 56 58 54 44 0 0 0 44 54 58 56 51 47 45 34 28 17 13 5 
4 8 14 24 32 38 42 50 52 54 58 54 52 50 42 38 32 24 14 8 4 
9 15 22 30 32 39 45 45 44 40 26 0 0 0 26 40 44 45 45 39 32 30 22 15 9 
4 8 14 22 24 32 38 38 40 40 40 38 38 32 24 22 14 8 4 
3 11 13 24 26 32 32 37 35 27 0 0 0 0 0 27 35 37 32 32 26 24 13 11 3 
2 4 8 14 18 24 24 24 26 24 24 24 18 14 8 4 2 
7 9 13 17 24 24 22 15 0 0 0 0 0 0 0 15 22 24 24 17 13 9 7 
4 6 8 12 14 16 16 16 14 12 8 6 4 
3 11 13 13 14 14 0 0 0 0 0 0 0 0 0 14 14 13 13 11 3 
4 4 6 6 6 4 4 
3 7 7 0 0 0 0 0 0 0 0 0 0 0 0 0 7 7 3 
4 4 6 6 6 4 4 
3 7 7 0 0 0 0 0 0 0 0 0 0 0 0 0 7 7 3 
4 6 8 12 14 16 16 16 14 12 8 6 4 
3 11 13 13 14 14 0 0 0 0 0 0 0 0 0 14 14 13 13 11 3 
2 4 8 14 18 24 24 24 26 24 24 24 18 14 8 4 2 
7 9 13 17 24 24 22 15 0 0 0 0 0 0 0 15 22 24 24 17 13 9 7 
4 8 14 22 24 32 38 38 40 40 40 38 38 32 24 22 14 8 4 
3 11 13 24 26 32 32 37 35 27 0 0 0 0 0 27 35 37 32 32 26 24 13 11 3 
4 8 14 24 32 38 42 50 52 54 58 54 52 50 42 38 32 24 14 8 4 
9 15 22 30 32 39 45 45 44 40 26 0 0 0 26 40 44 45 45 39 32 30 22 15 9 
2 8 14 24 34 40 52 58 60 64 64 64 64 64 60 58 52 40 34 24 14 8 2 
5 13 17 28 34 45 47 51 56 58 54 44 0 0 0 44 54 58 56 51 47 45 34 28 17 13 5 
4 14 24 34 42 52 60 64 74 82 82 86 82 82 74 64 60 52 42 34 24 14 4 
9 15 24 32 41 51 54 62 66 66 63 57 35 0 35 57 63 66 66 62 54 51 41 32 24 15 9 
4 8 22 32 40 52 60 72 82 88 88 88 92 88 88 88 82 72 60 52 40 32 22 8 4 
11 18 28 36 49 55 66 68 71 81 77 69 53 0 53 69 77 81 71 68 66 55 49 36 28 18 11 
6 14 24 38 52 60 72 84 88 90 100 102 104 102 100 90 88 84 72 60 52 38 24 14 6 
8 22 32 41 55 59 70 75 85 85 83 84 68 30 68 84 83 85 85 75 70 59 55 41 32 22 8 
8 18 32 42 58 64 82 88 94 104 106 106 106 106 106 104 94 88 82 64 58 42 32 18 8 
8 22 34 47 57 62 76 87 89 94 96 88 74 42 74 88 96 94 89 87 76 62 57 47 34 22 8 
4 12 24 38 50 60 74 88 90 104 110 107 113 109 113 107 110 104 90 88 74 60 50 38 24 12 4 
6 18 36 51 62 72 80 89 97 104 100 97 87 59 87 97 100 104 97 89 80 72 62 51 36 18 6 
4 14 24 38 52 64 82 88 100 106 107 115 113 109 113 115 107 106 100 88 82 64 52 38 24 14 4 
6 16 34 48 66 72 83 93 100 104 105 107 91 73 91 107 105 104 100 93 83 72 66 48 34 16 6 
6 16 24 40 54 64 82 88 102 106 113 113 112 104 112 113 113 106 102 88 82 64 54 40 24 16 6 
6 14 30 46 66 74 87 93 102 106 107 107 96 76 96 107 107 106 102 93 87 74 66 46 30 14 6 
6 16 26 40 58 64 86 92 104 106 109 109 104 87 104 109 109 106 104 92 86 64 58 40 26 16 6 
6 16 24 40 58 70 84 95 106 110 111 109 96 77 96 109 111 110 106 95 84 70 58 40 24 16 6 
6 16 24 40 54 64 82 88 102 106 113 113 112 104 112 113 113 106 102 88 82 64 54 40 24 16 6 
6 14 30 46 66 74 87 93 102 106 107 107 96 76 96 107 107 106 102 93 87 74 66 46 30 14 6 
4 14 24 38 52 64 82 88 100 106 107 115 113 109 113 115 107 106 100 88 82 64 52 38 24 14 4 
6 16 34 48 66 72 83 93 100 104 105 107 91 73 91 107 105 104 100 93 83 72 66 48 34 16 6 
4 12 24 38 50 60 74 88 90 104 110 107 113 109 113 107 110 104 90 88 74 60 50 38 24 12 4 
6 18 36 51 62 72 80 89 97 104 100 97 87 59 87 97 100 104 97 89 80 72 62 51 36 18 6 
8 18 32 42 58 64 82 88 94 104 106 106 106 106 106 104 94 88 82 64 58 42 32 18 8 
8 22 34 47 57 62 76 87 89 94 96 88 74 42 74 88 96 94 89 87 76 62 57 47 34 22 8 
6 14 24 38 52 60 72 84 88 90 100 102 104 102 100 90 88 84 72 60 52 38 24 14 6 
8 22 32 41 55 59 70 75 85 85 83 84 68 30 68 84 83 85 85 75 70 59 55 41 32 22 8 
4 8 22 32 40 52 60 72 82 88 88 88 92 88 88 88 82 72 60 52 40 32 22 8 4 
11 18 28 36 49 55 66 68 71 81 77 69 53 0 53 69 77 81 71 68 66 55 49 36 28 18 11 
4 14 24 34 42 52 60 64 74 82 82 86 82 82 74 64 60 52 42 34 24 14 4 
9 15 24 32 41 51 54 62 66 66 63 57 35 0 35 57 63 66 66 62 54 51 41 32 24 15 9 
2 8 14 24 34 40 52 58 60 64 64 64 64 64 60 58 52 40 34 24 14 8 2 
5 13 17 28 34 45 47 51 56 58 54 44 0 0 0 44 54 58 56 51 47 45 34 28 17 13 5 
4 8 14 24 32 38 42 50 52 54 58 54 52 50 42 38 32 24 14 8 4 
9 15 22 30 32 39 45 45 44 40 26 0 0 0 26 40 44 45 45 39 32 30 22 15 9 
4 8 14 22 24 32 38 38 40 40 40 38 38 32 24 22 14 8 4 
3 11 13 24 26 32 32 37 35 27 0 0 0 0 0 27 35 37 32 32 26 24 13 11 3 
2 4 8 14 18 24 24 24 26 24 24 24 18 14 8 4 2 
7 9 13 17 24 24 22 15 0 0 0 0 0 0 0 15 22 24 24 17 13 9 7 
4 6 8 12 14 16 16 16 14 12 8 6 4 
3 11 13 13 14 14 0 0 0 0 0 0 0 0 0 14 14 13 13 11 3 
4 4 6 6 6 4 4 
3 7 7 0 0 0 0 0 0 0 0 0 0 0 0 0 7 7 3 
5 9 11 8 8 6 6 6 6 6 6 6 8 8 11 9 5 
5 9 11 8 8 6 6 6 6 6 6 6 8 8 11 9 5 
3 9 13 15 18 22 22 18 16 14 16 14 16 18 22 22 18 15 13 9 3 
3 9 13 15 18 22 22 18 16 14 16 14 16 18 22 22 18 15 13 9 3 
7 11 15 17 24 28 32 34 36 34 30 24 30 34 36 34 32 28 24 17 15 11 7 
7 11 15 17 24 28 32 34 36 34 30 24 30 34 36 34 32 28 24 17 15 11 7 
3 9 13 22 28 32 36 41 47 51 48 46 40 46 48 51 47 41 36 32 28 22 13 9 3 
3 9 13 22 28 32 36 41 47 51 48 46 40 46 48 51 47 41 36 32 28 22 13 9 3 
3 11 13 24 30 34 41 49 55 57 62 66 66 58 66 66 62 57 55 49 41 34 30 24 13 11 3 
3 11 13 24 30 34 41 49 55 57 62 66 66 58 66 66 62 57 55 49 41 34 30 24 13 11 3 
7 13 17 26 32 45 51 55 59 62 72 72 74 70 74 72 72 62 59 55 51 45 32 26 17 13 7 
7 13 17 26 32 45 51 55 59 62 72 72 74 70 74 72 72 62 59 55 51 45 32 26 17 13 7 
7 13 24 32 39 47 54 66 70 76 80 83 87 84 87 83 80 76 70 66 54 47 39 32 24 13 7 
7 13 24 32 39 47 54 66 70 76 80 83 87 84 87 83 80 76 70 66 54 47 39 32 24 13 7 
14 24 32 45 51 62 68 75 87 89 93 93 95 93 93 89 87 75 68 62 51 45 32 24 14 
14 24 32 45 51 62 68 75 87 89 93 93 95 93 93 89 87 75 68 62 51 45 32 24 14 
14 22 37 45 56 66 71 85 89 97 100 102 106 102 100 97 89 85 71 66 56 45 37 22 14 
14 22 37 45 56 66 71 85 89 97 100 102 106 102 100 97 89 85 71 66 56 45 37 22 14 
15 35 44 58 66 81 85 94 104 104 106 110 106 104 104 94 85 81 66 58 44 35 15 
15 35 44 58 66 81 85 94 104 104 106 110 106 104 104 94 85 81 66 58 44 35 15 
27 40 54 63 77 83 96 100 105 107 111 107 105 100 96 83 77 63 54 40 27 
27 40 54 63 77 83 96 100 105 107 111 107 105 100 96 83 77 63 54 40 27 
26 44 57 69 84 88 97 107 107 109 107 107 97 88 84 69 57 44 26 
26 44 57 69 84 88 97 107 107 109 107 107 97 88 84 69 57 44 26 
35 53 68 74 87 91 96 96 96 91 87 74 68 53 35 
35 53 68 74 87 91 96 96 96 91 87 74 68 53 35 
30 42 59 73 76 77 76 73 59 42 30 
30 42 59 73 76 77 76 73 59 42 30 
35 53 68 74 87 91 96 96 96 91 87 74 68 53 35 
35 53 68 74 87 91 96 96 96 91 87 74 68 53 35 
26 44 57 69 84 88 97 107 107 109 107 107 97 88 84 69 57 44 26 
26 44 57 69 84 88 97 107 107 109 107 107 97 88 84 69 57 44 26 
27 40 54 63 77 83 96 100 105 107 111 107 105 100 96 83 77 63 54 40 27 
27 40 54 63 77 83 96 100 105 107 111 107 105 100 96 83 77 63 54 40 27 
15 35 44 58 66 81 85 94 104 104 106 110 106 104 104 94 85 81 66 58 44 35 15 
15 35 44 58 66 81 85 94 104 104 106 110 106 104 104 94 85 81 66 58 44 35 15 
14 22 37 45 56 66 71 85 89 97 100 102 106 102 100 97 89 85 71 66 56 45 37 22 14 
14 22 37 45 56 66 71 85 89 97 100 102 106 102 100 97 89 85 71 66 56 45 37 22 14 
14 24 32 45 51 62 68 75 87 89 93 93 95 93 93 89 87 75 68 62 51 45 32 24 14 
14 24 32 45 51 62 68 75 87 89 93 93 95 93 93 89 87 75 68 62 51 45 32 24 14 
7 13 24 32 39 47 54 66 70 76 80 83 87 84 87 83 80 76 70 66 54 47 39 32 24 13 7 
7 13 24 32 39 47 54 66 70 76 80 83 87 84 87 83 80 76 70 66 54 47 39 32 24 13 7 
7 13 17 26 32 45 51 55 59 62 72 72 74 70 74 72 72 62 59 55 51 45 32 26 17 13 7 
7 13 17 26 32 45 51 55 59 62 72 72 74 70 74 72 72 62 59 55 51 45 32 26 17 13 7 
3 11 13 24 30 34 41 49 55 57 62 66 66 58 66 66 62 57 55 49 41 34 30 24 13 11 3 
3 11 13 24 30 34 41 49 55 57 62 66 66 58 66 66 62 57 55 49 41 34 30 24 13 11 3 
3 9 13 22 28 32 36 41 47 51 48 46 40 46 48 51 47 41 36 32 28 22 13 9 3 
3 9 13 22 28 32 36 41 47 51 48 46 40 46 48 51 47 41 36 32 28 22 13 9 3 
7 11 15 17 24 28 32 34 36 34 30 24 30 34 36 34 32 28 24 17 15 11 7 
7 11 15 17 24 28 32 34 36 34 30 24 30 34 36 34 32 28 24 17 15 11 7 
3 9 13 15 18 22 22 18 16 14 16 14 16 18 22 22 18 15 13 9 3 
3 9 13 15 18 22 22 18 16 14 16 14 16 18 22 22 18 15 13 9 3 
5 9 11 8 8 6 6 6 6 6 6 6 8 8 11 9 5 
5 9 11 8 8 6 6 6 6 6 6 6 8 8 11 9 5 
