35 77 105 133 147 161 175 175 154 126 126 112 112 112 112 112 112 112 112 112 126 126 154 175 175 161 147 133 105 77 35 
35 77 105 133 147 161 175 175 154 126 126 112 112 112 112 112 112 112 112 112 126 126 154 175 175 161 147 133 105 77 35 
49 91 119 133 161 175 175 189 203 203 196 168 154 154 154 140 140 140 154 154 154 168 196 203 203 189 175 175 161 133 119 91 49 
49 91 119 133 161 175 175 189 203 203 196 168 154 154 154 140 140 140 154 154 154 168 196 203 203 189 175 175 161 133 119 91 49 
35 91 119 133 168 186 204 206 220 231 231 241 206 194 178 178 178 178 178 178 180 190 208 241 227 231 222 206 204 186 170 133 119 91 35 
35 91 119 133 169 186 204 206 221 231 229 241 207 192 179 178 178 178 178 178 179 192 207 241 229 231 221 206 204 186 169 133 119 91 35 
63 105 133 154 174 190 208 224 240 242 251 249 226 212 196 196 182 180 182 196 198 210 226 249 249 239 240 224 208 192 174 156 133 105 63 
63 105 133 155 174 191 208 224 240 240 250 249 226 211 197 196 182 181 182 196 197 211 226 249 250 240 240 224 208 191 174 155 133 105 63 
77 105 138 170 190 206 222 226 242 242 255 249 256 226 212 198 198 184 198 200 212 224 256 249 253 242 240 224 224 208 190 172 138 105 77 
77 105 138 171 190 207 223 225 241 242 254 249 256 225 212 199 198 184 198 199 212 225 256 249 254 242 241 225 223 207 190 171 138 105 77 
77 119 142 172 190 208 231 228 244 260 260 253 263 228 216 198 198 212 202 202 216 230 265 249 255 258 244 228 226 208 192 174 142 119 77 7 
7 77 119 142 173 191 208 228 227 244 259 257 251 265 229 216 200 200 207 200 200 216 229 265 251 257 259 244 227 228 208 191 173 142 119 77 7 
77 105 138 170 190 206 222 226 242 242 255 249 256 226 212 198 198 184 198 200 212 224 256 249 253 242 240 224 224 208 190 172 138 105 77 
77 105 138 171 190 207 223 225 241 242 254 249 256 225 212 199 198 184 198 199 212 225 256 249 254 242 241 225 223 207 190 171 138 105 77 
63 105 133 154 174 190 208 224 240 242 251 249 226 212 196 196 182 180 182 196 198 210 226 249 249 239 240 224 208 192 174 156 133 105 63 
63 105 133 155 174 191 208 224 240 240 250 249 226 211 197 196 182 181 182 196 197 211 226 249 250 240 240 224 208 191 174 155 133 105 63 
35 91 119 133 168 186 204 206 220 231 231 241 206 194 178 178 178 178 178 178 180 190 208 241 227 231 222 206 204 186 170 133 119 91 35 
35 91 119 133 169 186 204 206 221 231 229 241 207 192 179 178 178 178 178 178 179 192 207 241 229 231 221 206 204 186 169 133 119 91 35 
49 91 119 133 161 175 175 189 203 203 196 168 154 154 154 140 140 140 154 154 154 168 196 203 203 189 175 175 161 133 119 91 49 
49 91 119 133 161 175 175 189 203 203 196 168 154 154 154 140 140 140 154 154 154 168 196 203 203 189 175 175 161 133 119 91 49 
35 77 105 133 147 161 175 175 154 126 126 112 112 112 112 112 112 112 112 112 126 126 154 175 175 161 147 133 105 77 35 
35 77 105 133 147 161 175 175 154 126 126 112 112 112 112 112 112 112 112 112 126 126 154 175 175 161 147 133 105 77 35 
35 63 77 77 77 63 35 
21 35 35 49 49 49 49 49 35 35 21 
49 91 105 105 119 105 105 91 49 
7 35 49 49 49 63 63 63 63 63 63 63 49 49 49 35 7 
35 91 119 133 138 142 138 133 119 91 35 
35 49 49 63 63 64 64 80 80 80 80 80 64 64 63 63 49 49 35 
77 119 133 154 170 172 170 154 133 119 77 
21 35 49 63 63 63 80 78 82 82 82 82 82 82 82 78 80 63 63 63 49 35 21 
105 133 168 174 190 190 190 174 168 133 105 
21 49 49 63 63 80 82 82 82 84 84 84 84 84 84 84 82 82 82 80 63 63 49 49 21 
133 161 186 190 206 208 206 190 186 161 133 
21 49 63 63 78 80 82 82 84 84 84 84 84 84 84 84 84 84 84 82 82 80 78 63 63 49 21 
147 175 204 208 222 231 222 208 204 175 147 
21 49 63 63 78 82 82 84 84 84 84 85 85 85 85 85 85 85 84 84 84 84 82 82 78 63 63 49 21 
161 175 206 224 226 228 226 224 206 175 161 
35 49 63 80 82 82 84 84 84 85 84 84 84 84 84 84 84 84 84 85 84 84 84 82 82 80 63 49 35 
175 189 220 240 242 244 242 240 220 189 175 
35 49 63 80 82 82 84 84 83 84 84 84 84 84 84 84 84 84 84 84 84 84 83 84 84 82 82 80 63 49 35 
175 203 231 242 242 260 242 242 231 203 175 
7 49 63 64 82 82 84 84 85 84 84 84 82 84 82 82 82 82 82 84 82 84 84 84 85 84 84 82 82 64 63 49 7 
154 203 231 251 255 260 255 251 231 203 154 
35 49 63 80 82 84 84 85 84 84 84 84 82 82 66 64 64 64 66 82 82 84 84 84 84 85 84 84 82 80 63 49 35 
126 196 241 249 249 253 249 249 241 196 126 
49 63 64 82 82 84 84 84 84 84 82 82 64 63 63 49 49 49 63 63 64 82 82 84 84 84 84 84 82 82 64 63 49 
126 168 206 226 256 263 256 226 206 168 126 
21 49 63 80 82 84 84 84 84 84 82 82 63 63 49 35 21 7 21 35 49 63 63 82 82 84 84 84 84 84 82 80 63 49 21 
112 154 194 212 226 228 226 212 194 154 112 
35 49 64 82 84 84 84 84 84 84 82 63 63 49 21 0 0 0 0 0 21 49 63 63 82 84 84 84 84 84 84 82 64 49 35 
112 154 178 196 212 216 212 196 178 154 112 
35 63 64 82 84 84 85 84 84 82 80 63 49 21 0 0 0 0 0 0 0 21 49 63 80 82 84 84 85 84 84 82 64 63 35 
112 154 178 196 198 198 198 196 178 154 112 
49 63 80 82 84 84 84 84 84 82 63 63 35 0 0 0 0 0 0 0 0 0 35 63 63 82 84 84 84 84 84 82 80 63 49 
112 140 178 182 198 198 198 182 178 140 112 
49 63 80 82 84 84 84 84 84 82 63 49 21 0 0 0 0 0 0 0 0 0 21 49 63 82 84 84 84 84 84 82 80 63 49 
112 140 178 180 184 212 184 180 178 140 112 
7 49 63 80 82 84 84 84 84 84 80 63 49 7 0 0 0 0 0 0 0 0 0 7 49 63 80 84 84 84 84 84 82 80 63 49 7 
112 140 178 182 198 202 198 182 178 140 112 
49 63 80 82 84 84 85 84 84 82 64 49 21 0 0 0 0 0 0 0 0 0 21 49 64 82 84 84 85 84 84 82 80 63 49 
112 154 178 196 200 202 200 196 178 154 112 
49 63 80 82 84 84 85 84 84 82 66 63 35 0 0 0 0 0 0 0 0 0 35 63 66 82 84 84 85 84 84 82 80 63 49 
112 154 180 198 212 216 212 198 180 154 112 
35 63 64 82 84 84 85 84 84 84 82 63 49 21 0 0 0 0 0 0 0 21 49 63 82 84 84 84 85 84 84 82 64 63 35 
112 154 190 210 224 230 224 210 190 154 112 
35 49 64 78 82 84 84 84 84 82 82 64 63 49 21 0 0 0 0 0 21 49 63 64 82 82 84 84 84 84 82 78 64 49 35 
126 168 208 226 256 265 256 226 208 168 126 
21 49 63 80 82 84 84 85 84 84 84 82 63 63 49 35 21 7 21 35 49 63 63 82 84 84 84 85 84 84 82 80 63 49 21 
126 196 241 249 249 249 249 249 241 196 126 
49 63 63 82 82 84 84 84 84 84 82 82 63 63 63 49 49 49 63 63 63 82 82 84 84 84 84 84 82 82 63 63 49 
154 203 227 249 253 255 253 249 227 203 154 
35 49 63 80 82 84 84 83 84 84 84 82 82 80 63 63 63 63 63 80 82 82 84 84 84 83 84 84 82 80 63 49 35 
175 203 231 239 242 258 242 239 231 203 175 
7 49 63 63 80 82 84 84 85 84 84 84 84 82 82 82 80 82 82 82 84 84 84 84 85 84 84 82 80 63 63 49 7 
175 189 222 240 240 244 240 240 222 189 175 
35 49 63 78 82 82 84 84 85 84 84 84 84 84 84 84 84 84 84 84 84 84 85 84 84 82 82 78 63 49 35 
161 175 206 224 224 228 224 224 206 175 161 
35 49 63 78 82 82 84 84 84 85 84 84 84 84 84 84 84 84 84 85 84 84 84 82 82 78 63 49 35 
147 175 204 208 224 226 224 208 204 175 147 
21 49 63 63 80 82 82 84 84 84 84 85 84 84 84 84 84 85 84 84 84 84 82 82 80 63 63 49 21 
133 161 186 192 208 208 208 192 186 161 133 
21 49 63 63 80 82 82 82 84 84 84 84 84 84 84 84 84 84 84 82 82 82 80 63 63 49 21 
105 133 170 174 190 192 190 174 170 133 105 
21 49 49 63 64 80 82 82 84 84 84 84 84 84 84 84 84 82 82 80 64 63 49 49 21 
77 119 133 156 172 174 172 156 133 119 77 
21 35 49 63 63 64 80 82 82 82 82 82 82 82 82 82 80 64 63 63 49 35 21 
35 91 119 133 138 142 138 133 119 91 35 
35 49 49 63 63 64 64 80 80 80 80 80 64 64 63 63 49 49 35 
49 91 105 105 119 105 105 91 49 
7 35 49 49 49 63 63 63 63 63 63 63 49 49 49 35 7 
35 63 77 77 77 63 35 
21 35 35 49 49 49 49 49 35 35 21 
7 
7 
7 
7 
35 63 77 77 77 63 35 
21 35 35 49 49 49 49 49 35 35 21 
49 91 105 105 119 105 105 91 49 
7 35 49 49 49 63 63 63 63 63 63 63 49 49 49 35 7 
35 91 119 133 138 142 138 133 119 91 35 
35 49 49 63 63 64 64 80 80 80 80 80 64 64 63 63 49 49 35 
77 119 133 155 171 173 171 155 133 119 77 
21 35 49 63 63 64 80 82 82 82 82 82 82 82 82 78 80 63 63 63 49 35 21 
105 133 169 174 190 191 190 174 169 133 105 
21 49 49 63 64 80 82 82 84 84 84 84 84 84 84 84 82 82 82 80 63 63 49 49 21 
133 161 186 191 207 208 207 191 186 161 133 
21 49 63 63 80 82 82 82 84 84 84 84 84 84 84 84 84 84 84 82 82 80 78 63 63 49 21 
147 175 204 208 223 228 223 208 204 175 147 
21 49 63 63 80 82 82 84 84 84 84 85 84 84 84 85 85 85 84 84 84 84 82 82 78 63 63 49 21 
161 175 206 224 225 227 225 224 206 175 161 
35 49 63 78 82 82 84 84 84 84 84 84 84 84 84 84 84 84 84 85 84 84 84 82 82 80 63 49 35 
175 189 221 240 241 244 241 240 221 189 175 
35 49 63 78 82 82 84 84 85 84 84 84 84 84 84 84 84 84 84 84 84 84 83 84 84 82 82 80 63 49 35 
175 203 231 240 242 259 242 240 231 203 175 
7 49 63 63 80 82 84 84 85 84 84 84 84 82 82 82 80 82 82 84 82 84 84 84 85 84 84 82 82 64 63 49 7 
154 203 229 250 254 257 254 250 229 203 154 
35 49 63 80 82 84 84 83 84 84 84 82 82 80 63 63 63 64 66 82 82 84 84 84 84 85 84 84 82 80 63 49 35 
126 196 241 249 249 251 249 249 241 196 126 
49 63 63 82 82 84 84 84 84 84 82 82 63 63 63 49 49 49 63 63 64 82 82 84 84 84 84 84 82 82 64 63 49 
126 168 207 226 256 265 256 226 207 168 126 
21 49 63 80 82 84 84 85 84 84 84 82 63 63 49 35 21 7 21 35 49 63 63 82 82 84 84 85 84 84 82 80 63 49 21 
112 154 192 211 225 229 225 211 192 154 112 
35 49 64 78 82 84 84 84 84 82 82 64 63 49 21 0 0 0 0 0 21 49 63 63 82 84 84 84 84 84 84 82 64 49 35 
112 154 179 197 212 216 212 197 179 154 112 
35 63 64 82 84 84 85 84 84 84 82 63 49 21 0 0 0 0 0 0 0 21 49 63 80 82 84 84 85 84 84 82 64 63 35 
112 154 178 196 199 200 199 196 178 154 112 
49 63 80 82 84 84 85 84 84 82 66 63 35 0 0 0 0 0 0 0 0 0 35 63 63 82 84 84 84 84 84 82 80 63 49 
112 140 178 182 198 200 198 182 178 140 112 
49 63 80 82 84 84 85 84 84 82 64 49 21 0 0 0 0 0 0 0 0 0 21 49 63 82 84 84 84 84 84 82 80 63 49 
112 140 178 181 184 207 184 181 178 140 112 
49 63 80 82 84 84 85 84 84 82 64 49 7 0 0 0 0 0 0 0 0 0 7 49 63 80 84 84 84 84 84 82 80 63 49 7 
112 140 178 182 198 200 198 182 178 140 112 
49 63 80 82 84 84 85 84 84 82 64 49 21 0 0 0 0 0 0 0 0 0 21 49 63 82 84 84 84 84 84 82 80 63 49 
112 154 178 196 199 200 199 196 178 154 112 
49 63 80 82 84 84 85 84 84 82 66 63 35 0 0 0 0 0 0 0 0 0 35 63 63 82 84 84 84 84 84 82 80 63 49 
112 154 179 197 212 216 212 197 179 154 112 
35 63 64 82 84 84 85 84 84 84 82 63 49 21 0 0 0 0 0 0 0 21 49 63 80 82 84 84 85 84 84 82 64 63 35 
112 154 192 211 225 229 225 211 192 154 112 
35 49 64 78 82 84 84 84 84 82 82 64 63 49 21 0 0 0 0 0 21 49 63 63 82 84 84 84 84 84 84 82 64 49 35 
126 168 207 226 256 265 256 226 207 168 126 
21 49 63 80 82 84 84 85 84 84 84 82 63 63 49 35 21 7 21 35 49 63 63 82 82 84 84 85 84 84 82 80 63 49 21 
126 196 241 249 249 251 249 249 241 196 126 
49 63 63 82 82 84 84 84 84 84 82 82 63 63 63 49 49 49 63 63 64 82 82 84 84 84 84 84 82 82 64 63 49 
154 203 229 250 254 257 254 250 229 203 154 
35 49 63 80 82 84 84 83 84 84 84 82 82 80 63 63 63 64 66 82 82 84 84 84 84 85 84 84 82 80 63 49 35 
175 203 231 240 242 259 242 240 231 203 175 
7 49 63 63 80 82 84 84 85 84 84 84 84 82 82 82 80 82 82 84 82 84 84 84 85 84 84 82 82 64 63 49 7 
175 189 221 240 241 244 241 240 221 189 175 
35 49 63 78 82 82 84 84 85 84 84 84 84 84 84 84 84 84 84 84 84 84 83 84 84 82 82 80 63 49 35 
161 175 206 224 225 227 225 224 206 175 161 
35 49 63 78 82 82 84 84 84 84 84 84 84 84 84 84 84 84 84 85 84 84 84 82 82 80 63 49 35 
147 175 204 208 223 228 223 208 204 175 147 
21 49 63 63 80 82 82 84 84 84 84 85 84 84 84 85 85 85 84 84 84 84 82 82 78 63 63 49 21 
133 161 186 191 207 208 207 191 186 161 133 
21 49 63 63 80 82 82 82 84 84 84 84 84 84 84 84 84 84 84 82 82 80 78 63 63 49 21 
105 133 169 174 190 191 190 174 169 133 105 
21 49 49 63 64 80 82 82 84 84 84 84 84 84 84 84 82 82 82 80 63 63 49 49 21 
77 119 133 155 171 173 171 155 133 119 77 
21 35 49 63 63 64 80 82 82 82 82 82 82 82 82 78 80 63 63 63 49 35 21 
35 91 119 133 138 142 138 133 119 91 35 
35 49 49 63 63 64 64 80 80 80 80 80 64 64 63 63 49 49 35 
49 91 105 105 119 105 105 91 49 
7 35 49 49 49 63 63 63 63 63 63 63 49 49 49 35 7 
35 63 77 77 77 63 35 
21 35 35 49 49 49 49 49 35 35 21 
7 
7 
